{
    "w": 1024,
    "h": 1024,
    "k1": 0,
    "k2": 0,
    "p1": 0,
    "p2": 0,
    "camera_model": "OPENCV",
    "frames": [
        {
            "file_path": "images/000.jpg",
            "mask_path": "mask/000.png",
            "depth_file_path": "depth/000.png",
            "transform_matrix": [
                [
                    -0.8377137026695786,
                    0.07600377377792299,
                    -0.540794950726372,
                    -1.0815899014527444
                ],
                [
                    -1.4014172773893747e-17,
                    0.9902680687415704,
                    0.13917310096006547,
                    1.128346201920131
                ],
                [
                    0.5461096523223381,
                    0.1165872137172635,
                    -0.8295611305009535,
                    -1.6591222610019074
                ],
                [
                    0.0,
                    0.0,
                    0.0,
                    1.0
                ]
            ],
            "fl_x": 819.2,
            "fl_y": 819.2,
            "cx": 512.0,
            "cy": 537.0
        },
        {
            "file_path": "images/002.jpg",
            "mask_path": "mask/002.png",
            "depth_file_path": "depth/002.png",
            "transform_matrix": [
                [
                    -0.741969685569173,
                    0.0933062996100762,
                    -0.6639088191532456,
                    -1.3278176383064912
                ],
                [
                    -2.8028345547787495e-17,
                    0.9902680687415704,
                    0.1391731009600655,
                    1.128346201920131
                ],
                [
                    0.6704334312192243,
                    0.10326222195902655,
                    -0.7347488875933753,
                    -1.4694977751867506
                ],
                [
                    0.0,
                    0.0,
                    0.0,
                    1.0
                ]
            ],
            "fl_x": 819.2,
            "fl_y": 819.2,
            "cx": 512.0,
            "cy": 537.0
        },
        {
            "file_path": "images/005.jpg",
            "mask_path": "mask/005.png",
            "depth_file_path": "depth/005.png",
            "transform_matrix": [
                [
                    -0.5649594278022511,
                    0.11483432610224575,
                    -0.817088687038314,
                    -1.6341773740766279
                ],
                [
                    0.0,
                    0.9902680687415704,
                    0.13917310096006547,
                    1.1283462019201311
                ],
                [
                    0.8251186853643255,
                    0.07862715548386351,
                    -0.5594612814870777,
                    -1.1189225629741557
                ],
                [
                    0.0,
                    0.0,
                    0.0,
                    1.0
                ]
            ],
            "fl_x": 819.2,
            "fl_y": 819.2,
            "cx": 512.0,
            "cy": 537.0
        },
        {
            "file_path": "images/007.jpg",
            "mask_path": "mask/007.png",
            "depth_file_path": "depth/007.png",
            "transform_matrix": [
                [
                    -0.42892683960991707,
                    0.12572052199704128,
                    -0.8945479957000855,
                    -1.789095991400171
                ],
                [
                    0.0,
                    0.9902680687415704,
                    0.13917310096006547,
                    1.1283462019201311
                ],
                [
                    0.9033392309992123,
                    0.05969507835351279,
                    -0.42475255309193777,
                    -0.8495051061838756
                ],
                [
                    0.0,
                    0.0,
                    0.0,
                    1.0
                ]
            ],
            "fl_x": 819.2,
            "fl_y": 819.2,
            "cx": 512.0,
            "cy": 537.0
        },
        {
            "file_path": "images/010.jpg",
            "mask_path": "mask/010.png",
            "depth_file_path": "depth/010.png",
            "transform_matrix": [
                [
                    -0.20619520142199688,
                    0.13618239325325995,
                    -0.9689880776760654,
                    -1.937976155352131
                ],
                [
                    0.0,
                    0.9902680687415704,
                    0.13917310096006547,
                    1.128346201920131
                ],
                [
                    0.9785108782791032,
                    0.028696825584984608,
                    -0.20418852389593997,
                    -0.40837704779187994
                ],
                [
                    0.0,
                    0.0,
                    0.0,
                    1.0
                ]
            ],
            "fl_x": 819.2,
            "fl_y": 819.2,
            "cx": 512.0,
            "cy": 537.0
        },
        {
            "file_path": "images/012.jpg",
            "mask_path": "mask/012.png",
            "depth_file_path": "depth/012.png",
            "transform_matrix": [
                [
                    -0.05058377055153434,
                    0.1389949345693267,
                    -0.9890003489993613,
                    -1.9780006979987226
                ],
                [
                    0.0,
                    0.9902680687415704,
                    0.1391731009600655,
                    1.128346201920131
                ],
                [
                    0.998719821650091,
                    0.007039900205909475,
                    -0.05009149277373463,
                    -0.10018298554746928
                ],
                [
                    0.0,
                    0.0,
                    0.0,
                    1.0
                ]
            ],
            "fl_x": 819.2,
            "fl_y": 819.2,
            "cx": 512.0,
            "cy": 537.0
        },
        {
            "file_path": "images/015.jpg",
            "mask_path": "mask/015.png",
            "depth_file_path": "depth/015.png",
            "transform_matrix": [
                [
                    0.18396037521060074,
                    0.13679792552793427,
                    -0.9733678173864332,
                    -1.9467356347728666
                ],
                [
                    -3.3770480071611035e-18,
                    0.9902680687415704,
                    0.13917310096006547,
                    1.1283462019201311
                ],
                [
                    0.9829336601990876,
                    -0.025602335871836454,
                    0.18217008548477617,
                    0.3643401709695525
                ],
                [
                    0.0,
                    0.0,
                    0.0,
                    1.0
                ]
            ],
            "fl_x": 819.2,
            "fl_y": 819.2,
            "cx": 512.0,
            "cy": 537.0
        },
        {
            "file_path": "images/017.jpg",
            "mask_path": "mask/017.png",
            "depth_file_path": "depth/017.png",
            "transform_matrix": [
                [
                    0.3354602190302974,
                    0.1311086283456516,
                    -0.9328863644739732,
                    -1.8657727289479462
                ],
                [
                    -6.473199507486629e-18,
                    0.9902680687415704,
                    0.1391731009600655,
                    1.1283462019201311
                ],
                [
                    0.9420543728724711,
                    -0.046687038931189244,
                    0.3321955432387567,
                    0.6643910864775135
                ],
                [
                    0.0,
                    0.0,
                    0.0,
                    1.0
                ]
            ],
            "fl_x": 819.2,
            "fl_y": 819.2,
            "cx": 512.0,
            "cy": 537.0
        },
        {
            "file_path": "images/020.jpg",
            "mask_path": "mask/020.png",
            "depth_file_path": "depth/020.png",
            "transform_matrix": [
                [
                    0.5461096523223382,
                    0.11658721371726347,
                    -0.8295611305009535,
                    -1.6591222610019065
                ],
                [
                    0.0,
                    0.9902680687415704,
                    0.13917310096006547,
                    1.1283462019201311
                ],
                [
                    0.8377137026695786,
                    -0.07600377377792301,
                    0.5407949507263722,
                    1.0815899014527446
                ],
                [
                    0.0,
                    0.0,
                    0.0,
                    1.0
                ]
            ],
            "fl_x": 819.2,
            "fl_y": 819.2,
            "cx": 512.0,
            "cy": 537.0
        },
        {
            "file_path": "images/022.jpg",
            "mask_path": "mask/022.png",
            "depth_file_path": "depth/022.png",
            "transform_matrix": [
                [
                    0.6704334312192244,
                    0.10326222195902655,
                    -0.7347488875933753,
                    -1.4694977751867502
                ],
                [
                    1.0196689154048577e-17,
                    0.9902680687415704,
                    0.13917310096006547,
                    1.128346201920131
                ],
                [
                    0.7419696855691731,
                    -0.09330629961007621,
                    0.6639088191532457,
                    1.3278176383064912
                ],
                [
                    0.0,
                    0.0,
                    0.0,
                    1.0
                ]
            ],
            "fl_x": 819.2,
            "fl_y": 819.2,
            "cx": 512.0,
            "cy": 537.0
        },
        {
            "file_path": "images/025.jpg",
            "mask_path": "mask/025.png",
            "depth_file_path": "depth/025.png",
            "transform_matrix": [
                [
                    0.8251186853643258,
                    0.07862715548386348,
                    -0.5594612814870777,
                    -1.1189225629741555
                ],
                [
                    2.8028345547787495e-17,
                    0.9902680687415704,
                    0.13917310096006547,
                    1.128346201920131
                ],
                [
                    0.5649594278022511,
                    -0.1148343261022458,
                    0.8170886870383143,
                    1.6341773740766286
                ],
                [
                    0.0,
                    0.0,
                    0.0,
                    1.0
                ]
            ],
            "fl_x": 819.2,
            "fl_y": 819.2,
            "cx": 512.0,
            "cy": 537.0
        },
        {
            "file_path": "images/027.jpg",
            "mask_path": "mask/027.png",
            "depth_file_path": "depth/027.png",
            "transform_matrix": [
                [
                    0.9033392309992124,
                    0.05969507835351277,
                    -0.4247525530919377,
                    -0.8495051061838754
                ],
                [
                    1.4014172773893747e-17,
                    0.9902680687415704,
                    0.13917310096006547,
                    1.128346201920131
                ],
                [
                    0.42892683960991695,
                    -0.12572052199704128,
                    0.8945479957000854,
                    1.7890959914001707
                ],
                [
                    0.0,
                    0.0,
                    0.0,
                    1.0
                ]
            ],
            "fl_x": 819.2,
            "fl_y": 819.2,
            "cx": 512.0,
            "cy": 537.0
        },
        {
            "file_path": "images/030.jpg",
            "mask_path": "mask/030.png",
            "depth_file_path": "depth/030.png",
            "transform_matrix": [
                [
                    0.9785108782791033,
                    0.028696825584984615,
                    -0.20418852389594003,
                    -0.40837704779188005
                ],
                [
                    -3.503543193473436e-18,
                    0.9902680687415701,
                    0.13917310096006547,
                    1.128346201920131
                ],
                [
                    0.20619520142199696,
                    -0.13618239325325993,
                    0.9689880776760653,
                    1.9379761553521306
                ],
                [
                    0.0,
                    0.0,
                    0.0,
                    1.0
                ]
            ],
            "fl_x": 819.2,
            "fl_y": 819.2,
            "cx": 512.0,
            "cy": 537.0
        },
        {
            "file_path": "images/032.jpg",
            "mask_path": "mask/032.png",
            "depth_file_path": "depth/032.png",
            "transform_matrix": [
                [
                    0.9987198216500911,
                    0.007039900205909481,
                    -0.050091492773734675,
                    -0.10018298554746935
                ],
                [
                    -8.758857983683592e-19,
                    0.9902680687415704,
                    0.13917310096006547,
                    1.128346201920131
                ],
                [
                    0.05058377055153438,
                    -0.13899493456932668,
                    0.9890003489993612,
                    1.9780006979987224
                ],
                [
                    0.0,
                    0.0,
                    0.0,
                    1.0
                ]
            ],
            "fl_x": 819.2,
            "fl_y": 819.2,
            "cx": 512.0,
            "cy": 537.0
        },
        {
            "file_path": "images/035.jpg",
            "mask_path": "mask/035.png",
            "depth_file_path": "depth/035.png",
            "transform_matrix": [
                [
                    0.9829336601990875,
                    -0.025602335871836444,
                    0.18217008548477612,
                    0.3643401709695524
                ],
                [
                    0.0,
                    0.9902680687415704,
                    0.13917310096006547,
                    1.1283462019201311
                ],
                [
                    -0.18396037521060063,
                    -0.13679792552793427,
                    0.9733678173864332,
                    1.9467356347728668
                ],
                [
                    0.0,
                    0.0,
                    0.0,
                    1.0
                ]
            ],
            "fl_x": 819.2,
            "fl_y": 819.2,
            "cx": 512.0,
            "cy": 537.0
        },
        {
            "file_path": "images/037.jpg",
            "mask_path": "mask/037.png",
            "depth_file_path": "depth/037.png",
            "transform_matrix": [
                [
                    0.9420543728724712,
                    -0.046687038931189244,
                    0.3321955432387567,
                    0.6643910864775135
                ],
                [
                    7.007086386946874e-18,
                    0.9902680687415704,
                    0.13917310096006547,
                    1.128346201920131
                ],
                [
                    -0.3354602190302973,
                    -0.13110862834565157,
                    0.9328863644739732,
                    1.8657727289479464
                ],
                [
                    0.0,
                    0.0,
                    0.0,
                    1.0
                ]
            ],
            "fl_x": 819.2,
            "fl_y": 819.2,
            "cx": 512.0,
            "cy": 537.0
        },
        {
            "file_path": "images/040.jpg",
            "mask_path": "mask/040.png",
            "depth_file_path": "depth/040.png",
            "transform_matrix": [
                [
                    0.8377137026695786,
                    -0.07600377377792301,
                    0.5407949507263722,
                    1.0815899014527448
                ],
                [
                    0.0,
                    0.9902680687415704,
                    0.13917310096006547,
                    1.1283462019201311
                ],
                [
                    -0.5461096523223382,
                    -0.1165872137172635,
                    0.8295611305009535,
                    1.6591222610019074
                ],
                [
                    0.0,
                    0.0,
                    0.0,
                    1.0
                ]
            ],
            "fl_x": 819.2,
            "fl_y": 819.2,
            "cx": 512.0,
            "cy": 537.0
        },
        {
            "file_path": "images/042.jpg",
            "mask_path": "mask/042.png",
            "depth_file_path": "depth/042.png",
            "transform_matrix": [
                [
                    0.7419696855691731,
                    -0.09330629961007621,
                    0.6639088191532457,
                    1.3278176383064912
                ],
                [
                    0.0,
                    0.9902680687415704,
                    0.13917310096006547,
                    1.128346201920131
                ],
                [
                    -0.6704334312192243,
                    -0.10326222195902654,
                    0.7347488875933752,
                    1.4694977751867502
                ],
                [
                    0.0,
                    0.0,
                    0.0,
                    1.0
                ]
            ],
            "fl_x": 819.2,
            "fl_y": 819.2,
            "cx": 512.0,
            "cy": 537.0
        },
        {
            "file_path": "images/045.jpg",
            "mask_path": "mask/045.png",
            "depth_file_path": "depth/045.png",
            "transform_matrix": [
                [
                    0.5649594278022512,
                    -0.11483432610224577,
                    0.8170886870383142,
                    1.6341773740766279
                ],
                [
                    0.0,
                    0.9902680687415704,
                    0.13917310096006547,
                    1.1283462019201307
                ],
                [
                    -0.8251186853643258,
                    -0.07862715548386351,
                    0.5594612814870777,
                    1.1189225629741557
                ],
                [
                    0.0,
                    0.0,
                    0.0,
                    1.0
                ]
            ],
            "fl_x": 819.2,
            "fl_y": 819.2,
            "cx": 512.0,
            "cy": 537.0
        },
        {
            "file_path": "images/047.jpg",
            "mask_path": "mask/047.png",
            "depth_file_path": "depth/047.png",
            "transform_matrix": [
                [
                    0.4289268396099171,
                    -0.12572052199704128,
                    0.8945479957000855,
                    1.7890959914001705
                ],
                [
                    0.0,
                    0.9902680687415704,
                    0.13917310096006547,
                    1.1283462019201307
                ],
                [
                    -0.9033392309992125,
                    -0.0596950783535128,
                    0.4247525530919378,
                    0.8495051061838756
                ],
                [
                    0.0,
                    0.0,
                    0.0,
                    1.0
                ]
            ],
            "fl_x": 819.2,
            "fl_y": 819.2,
            "cx": 512.0,
            "cy": 537.0
        },
        {
            "file_path": "images/050.jpg",
            "mask_path": "mask/050.png",
            "depth_file_path": "depth/050.png",
            "transform_matrix": [
                [
                    0.206195201421997,
                    -0.13618239325325993,
                    0.9689880776760653,
                    1.937976155352131
                ],
                [
                    -3.3618527325726164e-18,
                    0.9902680687415701,
                    0.13917310096006544,
                    1.128346201920131
                ],
                [
                    -0.9785108782791032,
                    -0.028696825584984615,
                    0.20418852389594008,
                    0.4083770477918802
                ],
                [
                    0.0,
                    0.0,
                    0.0,
                    1.0
                ]
            ],
            "fl_x": 819.2,
            "fl_y": 819.2,
            "cx": 512.0,
            "cy": 537.0
        },
        {
            "file_path": "images/052.jpg",
            "mask_path": "mask/052.png",
            "depth_file_path": "depth/052.png",
            "transform_matrix": [
                [
                    0.050583770551534464,
                    -0.1389949345693267,
                    0.9890003489993612,
                    1.9780006979987226
                ],
                [
                    8.578210615792236e-19,
                    0.9902680687415704,
                    0.1391731009600655,
                    1.128346201920131
                ],
                [
                    -0.998719821650091,
                    -0.007039900205909492,
                    0.050091492773734744,
                    0.1001829855474695
                ],
                [
                    0.0,
                    0.0,
                    0.0,
                    1.0
                ]
            ],
            "fl_x": 819.2,
            "fl_y": 819.2,
            "cx": 512.0,
            "cy": 537.0
        },
        {
            "file_path": "images/055.jpg",
            "mask_path": "mask/055.png",
            "depth_file_path": "depth/055.png",
            "transform_matrix": [
                [
                    -0.1839603752106006,
                    -0.13679792552793427,
                    0.9733678173864332,
                    1.9467356347728666
                ],
                [
                    -3.3770480071611035e-18,
                    0.9902680687415704,
                    0.13917310096006547,
                    1.1283462019201311
                ],
                [
                    -0.9829336601990876,
                    0.025602335871836433,
                    -0.18217008548477603,
                    -0.3643401709695521
                ],
                [
                    0.0,
                    0.0,
                    0.0,
                    1.0
                ]
            ],
            "fl_x": 819.2,
            "fl_y": 819.2,
            "cx": 512.0,
            "cy": 537.0
        },
        {
            "file_path": "images/057.jpg",
            "mask_path": "mask/057.png",
            "depth_file_path": "depth/057.png",
            "transform_matrix": [
                [
                    -0.33546021903029727,
                    -0.1311086283456516,
                    0.9328863644739732,
                    1.8657727289479462
                ],
                [
                    -6.473199507486629e-18,
                    0.9902680687415704,
                    0.1391731009600655,
                    1.1283462019201311
                ],
                [
                    -0.9420543728724711,
                    0.04668703893118924,
                    -0.3321955432387566,
                    -0.664391086477513
                ],
                [
                    0.0,
                    0.0,
                    0.0,
                    1.0
                ]
            ],
            "fl_x": 819.2,
            "fl_y": 819.2,
            "cx": 512.0,
            "cy": 537.0
        },
        {
            "file_path": "images/061.jpg",
            "mask_path": "mask/061.png",
            "depth_file_path": "depth/061.png",
            "transform_matrix": [
                [
                    -0.610152438109391,
                    -0.11026462688386914,
                    0.7845735875794742,
                    1.569147175158948
                ],
                [
                    0.0,
                    0.9902680687415704,
                    0.13917310096006547,
                    1.1283462019201307
                ],
                [
                    -0.792284041407604,
                    0.08491680687002837,
                    -0.6042144765245471,
                    -1.2084289530490941
                ],
                [
                    0.0,
                    0.0,
                    0.0,
                    1.0
                ]
            ],
            "fl_x": 819.2,
            "fl_y": 819.2,
            "cx": 512.0,
            "cy": 537.0
        },
        {
            "file_path": "images/064.jpg",
            "mask_path": "mask/064.png",
            "depth_file_path": "depth/064.png",
            "transform_matrix": [
                [
                    -0.7782489139985022,
                    -0.08739457158849193,
                    0.6218446885814947,
                    1.2436893771629893
                ],
                [
                    0.0,
                    0.9902680687415704,
                    0.13917310096006547,
                    1.128346201920131
                ],
                [
                    -0.6279559123538468,
                    0.1083113146799748,
                    -0.770675049065521,
                    -1.541350098131042
                ],
                [
                    0.0,
                    0.0,
                    0.0,
                    1.0
                ]
            ],
            "fl_x": 819.2,
            "fl_y": 819.2,
            "cx": 512.0,
            "cy": 537.0
        },
        {
            "file_path": "images/066.jpg",
            "mask_path": "mask/066.png",
            "depth_file_path": "depth/066.png",
            "transform_matrix": [
                [
                    -0.8669013256550726,
                    -0.06937497681949459,
                    0.4936286095525381,
                    0.9872572191050762
                ],
                [
                    0.0,
                    0.9902680687415704,
                    0.13917310096006547,
                    1.128346201920131
                ],
                [
                    -0.4984797805101803,
                    0.120649345717808,
                    -0.8584647015459559,
                    -1.7169294030919118
                ],
                [
                    0.0,
                    0.0,
                    0.0,
                    1.0
                ]
            ],
            "fl_x": 819.2,
            "fl_y": 819.2,
            "cx": 512.0,
            "cy": 537.0
        },
        {
            "file_path": "images/069.jpg",
            "mask_path": "mask/069.png",
            "depth_file_path": "depth/069.png",
            "transform_matrix": [
                [
                    -0.9593165667558742,
                    -0.03929311027749201,
                    0.27958500716677037,
                    0.5591700143335409
                ],
                [
                    7.007086386946874e-18,
                    0.9902680687415704,
                    0.1391731009600655,
                    1.128346201920131
                ],
                [
                    -0.28233264909982025,
                    0.13351106139777866,
                    -0.9499805638731333,
                    -1.8999611277462667
                ],
                [
                    0.0,
                    0.0,
                    0.0,
                    1.0
                ]
            ],
            "fl_x": 819.2,
            "fl_y": 819.2,
            "cx": 512.0,
            "cy": 537.0
        },
        {
            "file_path": "images/071.jpg",
            "mask_path": "mask/071.png",
            "depth_file_path": "depth/071.png",
            "transform_matrix": [
                [
                    -0.9916723448498558,
                    -0.017923615420082917,
                    0.1275331504757167,
                    0.25506630095143334
                ],
                [
                    3.503543193473437e-18,
                    0.9902680687415704,
                    0.1391731009600655,
                    1.1283462019201307
                ],
                [
                    -0.12878649176054466,
                    0.1380141153690938,
                    -0.9820214577588912,
                    -1.964042915517782
                ],
                [
                    0.0,
                    0.0,
                    0.0,
                    1.0
                ]
            ],
            "fl_x": 819.2,
            "fl_y": 819.2,
            "cx": 512.0,
            "cy": 537.0
        },
        {
            "file_path": "images/074.jpg",
            "mask_path": "mask/074.png",
            "depth_file_path": "depth/074.png",
            "transform_matrix": [
                [
                    -0.9943369684509975,
                    0.014790370880324418,
                    -0.10523895714469343,
                    -0.21047791428938686
                ],
                [
                    -1.7517715967367184e-18,
                    0.9902680687415704,
                    0.13917310096006547,
                    1.128346201920131
                ],
                [
                    0.10627320062781666,
                    0.13838495929855607,
                    -0.9846601494263169,
                    -1.9693202988526337
                ],
                [
                    0.0,
                    0.0,
                    0.0,
                    1.0
                ]
            ],
            "fl_x": 819.2,
            "fl_y": 819.2,
            "cx": 512.0,
            "cy": 537.0
        },
        {
            "file_path": "images/076.jpg",
            "mask_path": "mask/076.png",
            "depth_file_path": "depth/076.png",
            "transform_matrix": [
                [
                    -0.96547023907344,
                    0.036256453949058014,
                    -0.2579780746701447,
                    -0.5159561493402895
                ],
                [
                    7.007086386946874e-18,
                    0.9902680687415704,
                    0.13917310096006544,
                    1.128346201920131
                ],
                [
                    0.2605133729071791,
                    0.13436748705650636,
                    -0.9560743490747173,
                    -1.912148698149435
                ],
                [
                    0.0,
                    0.0,
                    0.0,
                    1.0
                ]
            ],
            "fl_x": 819.2,
            "fl_y": 819.2,
            "cx": 512.0,
            "cy": 537.0
        },
        {
            "file_path": "images/079.jpg",
            "mask_path": "mask/079.png",
            "depth_file_path": "depth/079.png",
            "transform_matrix": [
                [
                    -0.8779785803865208,
                    0.06662215214665736,
                    -0.47404124422439986,
                    -0.9480824884487997
                ],
                [
                    0.0,
                    0.9902680687415704,
                    0.13917310096006544,
                    1.1283462019201307
                ],
                [
                    0.4786999189288312,
                    0.1221910016089082,
                    -0.8694341531958255,
                    -1.738868306391651
                ],
                [
                    0.0,
                    0.0,
                    0.0,
                    1.0
                ]
            ],
            "fl_x": 819.2,
            "fl_y": 819.2,
            "cx": 512.0,
            "cy": 537.0
        }
    ]
}