{
    "w": 1024,
    "h": 1024,
    "k1": 0,
    "k2": 0,
    "p1": 0,
    "p2": 0,
    "camera_model": "OPENCV",
    "frames": [
        {
            "file_path": "images/000.jpg",
            "mask_path": "mask/000.png",
            "depth_file_path": "depth/000.png",
            "transform_matrix": [
                [
                    -0.8377137026695786,
                    0.07600377377792299,
                    -0.540794950726372,
                    -1.0815899014527444
                ],
                [
                    -1.4014172773893747e-17,
                    0.9902680687415704,
                    0.13917310096006547,
                    1.128346201920131
                ],
                [
                    0.5461096523223381,
                    0.1165872137172635,
                    -0.8295611305009535,
                    -1.6591222610019074
                ],
                [
                    0.0,
                    0.0,
                    0.0,
                    1.0
                ]
            ],
            "fl_x": 819.2,
            "fl_y": 819.2,
            "cx": 512.0,
            "cy": 537.0
        },
        {
            "file_path": "images/001.jpg",
            "mask_path": "mask/001.png",
            "depth_file_path": "depth/001.png",
            "transform_matrix": [
                [
                    -0.7922840414076042,
                    0.08491680687002831,
                    -0.6042144765245469,
                    -1.2084289530490937
                ],
                [
                    1.4014172773893747e-17,
                    0.9902680687415704,
                    0.13917310096006547,
                    1.128346201920131
                ],
                [
                    0.6101524381093907,
                    0.11026462688386915,
                    -0.7845735875794744,
                    -1.5691471751589487
                ],
                [
                    0.0,
                    0.0,
                    0.0,
                    1.0
                ]
            ],
            "fl_x": 819.2,
            "fl_y": 819.2,
            "cx": 512.0,
            "cy": 537.0
        },
        {
            "file_path": "images/002.jpg",
            "mask_path": "mask/002.png",
            "depth_file_path": "depth/002.png",
            "transform_matrix": [
                [
                    -0.741969685569173,
                    0.0933062996100762,
                    -0.6639088191532456,
                    -1.3278176383064912
                ],
                [
                    -2.8028345547787495e-17,
                    0.9902680687415704,
                    0.1391731009600655,
                    1.128346201920131
                ],
                [
                    0.6704334312192243,
                    0.10326222195902655,
                    -0.7347488875933753,
                    -1.4694977751867506
                ],
                [
                    0.0,
                    0.0,
                    0.0,
                    1.0
                ]
            ],
            "fl_x": 819.2,
            "fl_y": 819.2,
            "cx": 512.0,
            "cy": 537.0
        },
        {
            "file_path": "images/003.jpg",
            "mask_path": "mask/003.png",
            "depth_file_path": "depth/003.png",
            "transform_matrix": [
                [
                    -0.6870808398892508,
                    0.10112052798553478,
                    -0.7195099431397791,
                    -1.4390198862795587
                ],
                [
                    0.0,
                    0.9902680687415704,
                    0.13917310096006547,
                    1.1283462019201307
                ],
                [
                    0.7265809792838523,
                    0.09562317109763327,
                    -0.6803942163864645,
                    -1.360788432772929
                ],
                [
                    0.0,
                    0.0,
                    0.0,
                    1.0
                ]
            ],
            "fl_x": 819.2,
            "fl_y": 819.2,
            "cx": 512.0,
            "cy": 537.0
        },
        {
            "file_path": "images/004.jpg",
            "mask_path": "mask/004.png",
            "depth_file_path": "depth/004.png",
            "transform_matrix": [
                [
                    -0.627955912353847,
                    0.10831131467997482,
                    -0.770675049065521,
                    -1.5413500981310424
                ],
                [
                    0.0,
                    0.9902680687415704,
                    0.13917310096006547,
                    1.128346201920131
                ],
                [
                    0.7782489139985019,
                    0.08739457158849195,
                    -0.6218446885814948,
                    -1.2436893771629896
                ],
                [
                    0.0,
                    0.0,
                    0.0,
                    1.0
                ]
            ],
            "fl_x": 819.2,
            "fl_y": 819.2,
            "cx": 512.0,
            "cy": 537.0
        },
        {
            "file_path": "images/005.jpg",
            "mask_path": "mask/005.png",
            "depth_file_path": "depth/005.png",
            "transform_matrix": [
                [
                    -0.5649594278022511,
                    0.11483432610224575,
                    -0.817088687038314,
                    -1.6341773740766279
                ],
                [
                    0.0,
                    0.9902680687415704,
                    0.13917310096006547,
                    1.1283462019201311
                ],
                [
                    0.8251186853643255,
                    0.07862715548386351,
                    -0.5594612814870777,
                    -1.1189225629741557
                ],
                [
                    0.0,
                    0.0,
                    0.0,
                    1.0
                ]
            ],
            "fl_x": 819.2,
            "fl_y": 819.2,
            "cx": 512.0,
            "cy": 537.0
        },
        {
            "file_path": "images/006.jpg",
            "mask_path": "mask/006.png",
            "depth_file_path": "depth/006.png",
            "transform_matrix": [
                [
                    -0.49847978051018066,
                    0.12064934571780796,
                    -0.8584647015459557,
                    -1.7169294030919116
                ],
                [
                    0.0,
                    0.9902680687415701,
                    0.13917310096006544,
                    1.128346201920131
                ],
                [
                    0.8669013256550726,
                    0.06937497681949462,
                    -0.49362860955253834,
                    -0.9872572191050768
                ],
                [
                    0.0,
                    0.0,
                    0.0,
                    1.0
                ]
            ],
            "fl_x": 819.2,
            "fl_y": 819.2,
            "cx": 512.0,
            "cy": 537.0
        },
        {
            "file_path": "images/007.jpg",
            "mask_path": "mask/007.png",
            "depth_file_path": "depth/007.png",
            "transform_matrix": [
                [
                    -0.42892683960991707,
                    0.12572052199704128,
                    -0.8945479957000855,
                    -1.789095991400171
                ],
                [
                    0.0,
                    0.9902680687415704,
                    0.13917310096006547,
                    1.1283462019201311
                ],
                [
                    0.9033392309992123,
                    0.05969507835351279,
                    -0.42475255309193777,
                    -0.8495051061838756
                ],
                [
                    0.0,
                    0.0,
                    0.0,
                    1.0
                ]
            ],
            "fl_x": 819.2,
            "fl_y": 819.2,
            "cx": 512.0,
            "cy": 537.0
        },
        {
            "file_path": "images/008.jpg",
            "mask_path": "mask/008.png",
            "depth_file_path": "depth/008.png",
            "transform_matrix": [
                [
                    -0.3567294221108104,
                    0.13001658945184694,
                    -0.9251161039933297,
                    -1.8502322079866595
                ],
                [
                    0.0,
                    0.9902680687415704,
                    0.13917310096006547,
                    1.1283462019201307
                ],
                [
                    0.9342077495934658,
                    0.049647139878853615,
                    -0.35325775589696856,
                    -0.7065155117939371
                ],
                [
                    0.0,
                    0.0,
                    0.0,
                    1.0
                ]
            ],
            "fl_x": 819.2,
            "fl_y": 819.2,
            "cx": 512.0,
            "cy": 537.0
        },
        {
            "file_path": "images/009.jpg",
            "mask_path": "mask/009.png",
            "depth_file_path": "depth/009.png",
            "transform_matrix": [
                [
                    -0.2823326490998203,
                    0.13351106139777869,
                    -0.9499805638731333,
                    -1.899961127746267
                ],
                [
                    6.591814343489636e-18,
                    0.9902680687415704,
                    0.1391731009600655,
                    1.128346201920131
                ],
                [
                    0.9593165667558743,
                    0.03929311027749202,
                    -0.2795850071667704,
                    -0.559170014333541
                ],
                [
                    0.0,
                    0.0,
                    0.0,
                    1.0
                ]
            ],
            "fl_x": 819.2,
            "fl_y": 819.2,
            "cx": 512.0,
            "cy": 537.0
        },
        {
            "file_path": "images/010.jpg",
            "mask_path": "mask/010.png",
            "depth_file_path": "depth/010.png",
            "transform_matrix": [
                [
                    -0.20619520142199688,
                    0.13618239325325995,
                    -0.9689880776760654,
                    -1.937976155352131
                ],
                [
                    0.0,
                    0.9902680687415704,
                    0.13917310096006547,
                    1.128346201920131
                ],
                [
                    0.9785108782791032,
                    0.028696825584984608,
                    -0.20418852389593997,
                    -0.40837704779187994
                ],
                [
                    0.0,
                    0.0,
                    0.0,
                    1.0
                ]
            ],
            "fl_x": 819.2,
            "fl_y": 819.2,
            "cx": 512.0,
            "cy": 537.0
        },
        {
            "file_path": "images/011.jpg",
            "mask_path": "mask/011.png",
            "depth_file_path": "depth/011.png",
            "transform_matrix": [
                [
                    -0.12878649176054469,
                    0.1380141153690938,
                    -0.982021457758891,
                    -1.964042915517782
                ],
                [
                    0.0,
                    0.9902680687415704,
                    0.13917310096006547,
                    1.1283462019201307
                ],
                [
                    0.9916723448498559,
                    0.017923615420082924,
                    -0.12753315047571673,
                    -0.2550663009514334
                ],
                [
                    0.0,
                    0.0,
                    0.0,
                    1.0
                ]
            ],
            "fl_x": 819.2,
            "fl_y": 819.2,
            "cx": 512.0,
            "cy": 537.0
        },
        {
            "file_path": "images/012.jpg",
            "mask_path": "mask/012.png",
            "depth_file_path": "depth/012.png",
            "transform_matrix": [
                [
                    -0.05058377055153434,
                    0.1389949345693267,
                    -0.9890003489993613,
                    -1.9780006979987226
                ],
                [
                    0.0,
                    0.9902680687415704,
                    0.1391731009600655,
                    1.128346201920131
                ],
                [
                    0.998719821650091,
                    0.007039900205909475,
                    -0.05009149277373463,
                    -0.10018298554746928
                ],
                [
                    0.0,
                    0.0,
                    0.0,
                    1.0
                ]
            ],
            "fl_x": 819.2,
            "fl_y": 819.2,
            "cx": 512.0,
            "cy": 537.0
        },
        {
            "file_path": "images/013.jpg",
            "mask_path": "mask/013.png",
            "depth_file_path": "depth/013.png",
            "transform_matrix": [
                [
                    0.027930816423736793,
                    0.13911880377743366,
                    -0.9898817242122614,
                    -1.9797634484245228
                ],
                [
                    -4.2929276635785235e-19,
                    0.9902680687415704,
                    0.1391731009600655,
                    1.1283462019201311
                ],
                [
                    0.9996098586418122,
                    -0.0038872183340377757,
                    0.027658995638309168,
                    0.05531799127661834
                ],
                [
                    0.0,
                    0.0,
                    0.0,
                    1.0
                ]
            ],
            "fl_x": 819.2,
            "fl_y": 819.2,
            "cx": 512.0,
            "cy": 537.0
        },
        {
            "file_path": "images/014.jpg",
            "mask_path": "mask/014.png",
            "depth_file_path": "depth/014.png",
            "transform_matrix": [
                [
                    0.10627320062781664,
                    0.1383849592985561,
                    -0.984660149426317,
                    -1.9693202988526337
                ],
                [
                    -1.7081130770686628e-18,
                    0.9902680687415704,
                    0.1391731009600655,
                    1.1283462019201311
                ],
                [
                    0.9943369684509974,
                    -0.014790370880324418,
                    0.10523895714469342,
                    0.21047791428938684
                ],
                [
                    0.0,
                    0.0,
                    0.0,
                    1.0
                ]
            ],
            "fl_x": 819.2,
            "fl_y": 819.2,
            "cx": 512.0,
            "cy": 537.0
        },
        {
            "file_path": "images/015.jpg",
            "mask_path": "mask/015.png",
            "depth_file_path": "depth/015.png",
            "transform_matrix": [
                [
                    0.18396037521060074,
                    0.13679792552793427,
                    -0.9733678173864332,
                    -1.9467356347728666
                ],
                [
                    -3.3770480071611035e-18,
                    0.9902680687415704,
                    0.13917310096006547,
                    1.1283462019201311
                ],
                [
                    0.9829336601990876,
                    -0.025602335871836454,
                    0.18217008548477617,
                    0.3643401709695525
                ],
                [
                    0.0,
                    0.0,
                    0.0,
                    1.0
                ]
            ],
            "fl_x": 819.2,
            "fl_y": 819.2,
            "cx": 512.0,
            "cy": 537.0
        },
        {
            "file_path": "images/016.jpg",
            "mask_path": "mask/016.png",
            "depth_file_path": "depth/016.png",
            "transform_matrix": [
                [
                    0.260513372907179,
                    0.13436748705650636,
                    -0.9560743490747173,
                    -1.9121486981494353
                ],
                [
                    6.63409847247663e-18,
                    0.9902680687415704,
                    0.13917310096006544,
                    1.1283462019201311
                ],
                [
                    0.96547023907344,
                    -0.036256453949058014,
                    0.2579780746701447,
                    0.5159561493402894
                ],
                [
                    0.0,
                    0.0,
                    0.0,
                    1.0
                ]
            ],
            "fl_x": 819.2,
            "fl_y": 819.2,
            "cx": 512.0,
            "cy": 537.0
        },
        {
            "file_path": "images/017.jpg",
            "mask_path": "mask/017.png",
            "depth_file_path": "depth/017.png",
            "transform_matrix": [
                [
                    0.3354602190302974,
                    0.1311086283456516,
                    -0.9328863644739732,
                    -1.8657727289479462
                ],
                [
                    -6.473199507486629e-18,
                    0.9902680687415704,
                    0.1391731009600655,
                    1.1283462019201311
                ],
                [
                    0.9420543728724711,
                    -0.046687038931189244,
                    0.3321955432387567,
                    0.6643910864775135
                ],
                [
                    0.0,
                    0.0,
                    0.0,
                    1.0
                ]
            ],
            "fl_x": 819.2,
            "fl_y": 819.2,
            "cx": 512.0,
            "cy": 537.0
        },
        {
            "file_path": "images/018.jpg",
            "mask_path": "mask/018.png",
            "depth_file_path": "depth/018.png",
            "transform_matrix": [
                [
                    0.40833884135125126,
                    0.12704144134300277,
                    -0.9039468252200513,
                    -1.8078936504401026
                ],
                [
                    6.272391114975707e-18,
                    0.9902680687415704,
                    0.13917310096006547,
                    1.1283462019201307
                ],
                [
                    0.912830428197876,
                    -0.05682978279329385,
                    0.40436491581707407,
                    0.8087298316341482
                ],
                [
                    0.0,
                    0.0,
                    0.0,
                    1.0
                ]
            ],
            "fl_x": 819.2,
            "fl_y": 819.2,
            "cx": 512.0,
            "cy": 537.0
        },
        {
            "file_path": "images/019.jpg",
            "mask_path": "mask/019.png",
            "depth_file_path": "depth/019.png",
            "transform_matrix": [
                [
                    0.478699918928831,
                    0.12219100160890822,
                    -0.8694341531958256,
                    -1.7388683063916515
                ],
                [
                    0.0,
                    0.9902680687415704,
                    0.13917310096006547,
                    1.1283462019201307
                ],
                [
                    0.8779785803865209,
                    -0.06662215214665736,
                    0.4740412442243997,
                    0.9480824884487996
                ],
                [
                    0.0,
                    0.0,
                    0.0,
                    1.0
                ]
            ],
            "fl_x": 819.2,
            "fl_y": 819.2,
            "cx": 512.0,
            "cy": 537.0
        },
        {
            "file_path": "images/020.jpg",
            "mask_path": "mask/020.png",
            "depth_file_path": "depth/020.png",
            "transform_matrix": [
                [
                    0.5461096523223382,
                    0.11658721371726347,
                    -0.8295611305009535,
                    -1.6591222610019065
                ],
                [
                    0.0,
                    0.9902680687415704,
                    0.13917310096006547,
                    1.1283462019201311
                ],
                [
                    0.8377137026695786,
                    -0.07600377377792301,
                    0.5407949507263722,
                    1.0815899014527446
                ],
                [
                    0.0,
                    0.0,
                    0.0,
                    1.0
                ]
            ],
            "fl_x": 819.2,
            "fl_y": 819.2,
            "cx": 512.0,
            "cy": 537.0
        },
        {
            "file_path": "images/021.jpg",
            "mask_path": "mask/021.png",
            "depth_file_path": "depth/021.png",
            "transform_matrix": [
                [
                    0.6101524381093908,
                    0.11026462688386914,
                    -0.7845735875794744,
                    -1.5691471751589483
                ],
                [
                    0.0,
                    0.9902680687415704,
                    0.13917310096006547,
                    1.1283462019201307
                ],
                [
                    0.792284041407604,
                    -0.08491680687002834,
                    0.604214476524547,
                    1.2084289530490937
                ],
                [
                    0.0,
                    0.0,
                    0.0,
                    1.0
                ]
            ],
            "fl_x": 819.2,
            "fl_y": 819.2,
            "cx": 512.0,
            "cy": 537.0
        },
        {
            "file_path": "images/022.jpg",
            "mask_path": "mask/022.png",
            "depth_file_path": "depth/022.png",
            "transform_matrix": [
                [
                    0.6704334312192244,
                    0.10326222195902655,
                    -0.7347488875933753,
                    -1.4694977751867502
                ],
                [
                    1.0196689154048577e-17,
                    0.9902680687415704,
                    0.13917310096006547,
                    1.128346201920131
                ],
                [
                    0.7419696855691731,
                    -0.09330629961007621,
                    0.6639088191532457,
                    1.3278176383064912
                ],
                [
                    0.0,
                    0.0,
                    0.0,
                    1.0
                ]
            ],
            "fl_x": 819.2,
            "fl_y": 819.2,
            "cx": 512.0,
            "cy": 537.0
        },
        {
            "file_path": "images/023.jpg",
            "mask_path": "mask/023.png",
            "depth_file_path": "depth/023.png",
            "transform_matrix": [
                [
                    0.7265809792838526,
                    0.09562317109763321,
                    -0.6803942163864641,
                    -1.3607884327729283
                ],
                [
                    -2.8028345547787495e-17,
                    0.9902680687415704,
                    0.13917310096006544,
                    1.128346201920131
                ],
                [
                    0.6870808398892505,
                    -0.10112052798553478,
                    0.7195099431397792,
                    1.4390198862795585
                ],
                [
                    0.0,
                    0.0,
                    0.0,
                    1.0
                ]
            ],
            "fl_x": 819.2,
            "fl_y": 819.2,
            "cx": 512.0,
            "cy": 537.0
        },
        {
            "file_path": "images/024.jpg",
            "mask_path": "mask/024.png",
            "depth_file_path": "depth/024.png",
            "transform_matrix": [
                [
                    0.7782489139985022,
                    0.08739457158849193,
                    -0.6218446885814947,
                    -1.2436893771629893
                ],
                [
                    0.0,
                    0.9902680687415704,
                    0.13917310096006547,
                    1.128346201920131
                ],
                [
                    0.6279559123538468,
                    -0.1083113146799748,
                    0.770675049065521,
                    1.541350098131042
                ],
                [
                    0.0,
                    0.0,
                    0.0,
                    1.0
                ]
            ],
            "fl_x": 819.2,
            "fl_y": 819.2,
            "cx": 512.0,
            "cy": 537.0
        },
        {
            "file_path": "images/025.jpg",
            "mask_path": "mask/025.png",
            "depth_file_path": "depth/025.png",
            "transform_matrix": [
                [
                    0.8251186853643258,
                    0.07862715548386348,
                    -0.5594612814870777,
                    -1.1189225629741555
                ],
                [
                    2.8028345547787495e-17,
                    0.9902680687415704,
                    0.13917310096006547,
                    1.128346201920131
                ],
                [
                    0.5649594278022511,
                    -0.1148343261022458,
                    0.8170886870383143,
                    1.6341773740766286
                ],
                [
                    0.0,
                    0.0,
                    0.0,
                    1.0
                ]
            ],
            "fl_x": 819.2,
            "fl_y": 819.2,
            "cx": 512.0,
            "cy": 537.0
        },
        {
            "file_path": "images/026.jpg",
            "mask_path": "mask/026.png",
            "depth_file_path": "depth/026.png",
            "transform_matrix": [
                [
                    0.8669013256550727,
                    0.06937497681949462,
                    -0.49362860955253823,
                    -0.9872572191050765
                ],
                [
                    1.4014172773893747e-17,
                    0.9902680687415704,
                    0.13917310096006547,
                    1.128346201920131
                ],
                [
                    0.49847978051018055,
                    -0.120649345717808,
                    0.8584647015459559,
                    1.7169294030919116
                ],
                [
                    0.0,
                    0.0,
                    0.0,
                    1.0
                ]
            ],
            "fl_x": 819.2,
            "fl_y": 819.2,
            "cx": 512.0,
            "cy": 537.0
        },
        {
            "file_path": "images/027.jpg",
            "mask_path": "mask/027.png",
            "depth_file_path": "depth/027.png",
            "transform_matrix": [
                [
                    0.9033392309992124,
                    0.05969507835351277,
                    -0.4247525530919377,
                    -0.8495051061838754
                ],
                [
                    1.4014172773893747e-17,
                    0.9902680687415704,
                    0.13917310096006547,
                    1.128346201920131
                ],
                [
                    0.42892683960991695,
                    -0.12572052199704128,
                    0.8945479957000854,
                    1.7890959914001707
                ],
                [
                    0.0,
                    0.0,
                    0.0,
                    1.0
                ]
            ],
            "fl_x": 819.2,
            "fl_y": 819.2,
            "cx": 512.0,
            "cy": 537.0
        },
        {
            "file_path": "images/028.jpg",
            "mask_path": "mask/028.png",
            "depth_file_path": "depth/028.png",
            "transform_matrix": [
                [
                    0.9342077495934656,
                    0.04964713987885362,
                    -0.3532577558969687,
                    -0.7065155117939373
                ],
                [
                    0.0,
                    0.9902680687415704,
                    0.13917310096006547,
                    1.128346201920131
                ],
                [
                    0.3567294221108104,
                    -0.13001658945184694,
                    0.9251161039933297,
                    1.8502322079866598
                ],
                [
                    0.0,
                    0.0,
                    0.0,
                    1.0
                ]
            ],
            "fl_x": 819.2,
            "fl_y": 819.2,
            "cx": 512.0,
            "cy": 537.0
        },
        {
            "file_path": "images/029.jpg",
            "mask_path": "mask/029.png",
            "depth_file_path": "depth/029.png",
            "transform_matrix": [
                [
                    0.9593165667558742,
                    0.03929311027749203,
                    -0.2795850071667705,
                    -0.5591700143335411
                ],
                [
                    1.4014172773893747e-17,
                    0.9902680687415704,
                    0.1391731009600655,
                    1.128346201920131
                ],
                [
                    0.28233264909982037,
                    -0.13351106139777866,
                    0.9499805638731333,
                    1.8999611277462667
                ],
                [
                    0.0,
                    0.0,
                    0.0,
                    1.0
                ]
            ],
            "fl_x": 819.2,
            "fl_y": 819.2,
            "cx": 512.0,
            "cy": 537.0
        },
        {
            "file_path": "images/030.jpg",
            "mask_path": "mask/030.png",
            "depth_file_path": "depth/030.png",
            "transform_matrix": [
                [
                    0.9785108782791033,
                    0.028696825584984615,
                    -0.20418852389594003,
                    -0.40837704779188005
                ],
                [
                    -3.503543193473436e-18,
                    0.9902680687415701,
                    0.13917310096006547,
                    1.128346201920131
                ],
                [
                    0.20619520142199696,
                    -0.13618239325325993,
                    0.9689880776760653,
                    1.9379761553521306
                ],
                [
                    0.0,
                    0.0,
                    0.0,
                    1.0
                ]
            ],
            "fl_x": 819.2,
            "fl_y": 819.2,
            "cx": 512.0,
            "cy": 537.0
        },
        {
            "file_path": "images/031.jpg",
            "mask_path": "mask/031.png",
            "depth_file_path": "depth/031.png",
            "transform_matrix": [
                [
                    0.9916723448498558,
                    0.017923615420082927,
                    -0.12753315047571678,
                    -0.25506630095143357
                ],
                [
                    3.503543193473437e-18,
                    0.9902680687415704,
                    0.1391731009600655,
                    1.1283462019201307
                ],
                [
                    0.12878649176054474,
                    -0.1380141153690938,
                    0.9820214577588912,
                    1.9640429155177823
                ],
                [
                    0.0,
                    0.0,
                    0.0,
                    1.0
                ]
            ],
            "fl_x": 819.2,
            "fl_y": 819.2,
            "cx": 512.0,
            "cy": 537.0
        },
        {
            "file_path": "images/032.jpg",
            "mask_path": "mask/032.png",
            "depth_file_path": "depth/032.png",
            "transform_matrix": [
                [
                    0.9987198216500911,
                    0.007039900205909481,
                    -0.050091492773734675,
                    -0.10018298554746935
                ],
                [
                    -8.758857983683592e-19,
                    0.9902680687415704,
                    0.13917310096006547,
                    1.128346201920131
                ],
                [
                    0.05058377055153438,
                    -0.13899493456932668,
                    0.9890003489993612,
                    1.9780006979987224
                ],
                [
                    0.0,
                    0.0,
                    0.0,
                    1.0
                ]
            ],
            "fl_x": 819.2,
            "fl_y": 819.2,
            "cx": 512.0,
            "cy": 537.0
        },
        {
            "file_path": "images/033.jpg",
            "mask_path": "mask/033.png",
            "depth_file_path": "depth/033.png",
            "transform_matrix": [
                [
                    0.999609858641812,
                    -0.003887218334037768,
                    0.027658995638309116,
                    0.055317991276618225
                ],
                [
                    -4.379428991841796e-19,
                    0.9902680687415704,
                    0.13917310096006547,
                    1.128346201920131
                ],
                [
                    -0.02793081642373674,
                    -0.13911880377743369,
                    0.9898817242122614,
                    1.9797634484245228
                ],
                [
                    0.0,
                    0.0,
                    0.0,
                    1.0
                ]
            ],
            "fl_x": 819.2,
            "fl_y": 819.2,
            "cx": 512.0,
            "cy": 537.0
        },
        {
            "file_path": "images/034.jpg",
            "mask_path": "mask/034.png",
            "depth_file_path": "depth/034.png",
            "transform_matrix": [
                [
                    0.9943369684509975,
                    -0.014790370880324408,
                    0.10523895714469335,
                    0.2104779142893867
                ],
                [
                    0.0,
                    0.9902680687415704,
                    0.13917310096006547,
                    1.128346201920131
                ],
                [
                    -0.10627320062781657,
                    -0.13838495929855607,
                    0.9846601494263169,
                    1.9693202988526337
                ],
                [
                    0.0,
                    0.0,
                    0.0,
                    1.0
                ]
            ],
            "fl_x": 819.2,
            "fl_y": 819.2,
            "cx": 512.0,
            "cy": 537.0
        },
        {
            "file_path": "images/035.jpg",
            "mask_path": "mask/035.png",
            "depth_file_path": "depth/035.png",
            "transform_matrix": [
                [
                    0.9829336601990875,
                    -0.025602335871836444,
                    0.18217008548477612,
                    0.3643401709695524
                ],
                [
                    0.0,
                    0.9902680687415704,
                    0.13917310096006547,
                    1.1283462019201311
                ],
                [
                    -0.18396037521060063,
                    -0.13679792552793427,
                    0.9733678173864332,
                    1.9467356347728668
                ],
                [
                    0.0,
                    0.0,
                    0.0,
                    1.0
                ]
            ],
            "fl_x": 819.2,
            "fl_y": 819.2,
            "cx": 512.0,
            "cy": 537.0
        },
        {
            "file_path": "images/036.jpg",
            "mask_path": "mask/036.png",
            "depth_file_path": "depth/036.png",
            "transform_matrix": [
                [
                    0.96547023907344,
                    -0.036256453949058,
                    0.2579780746701446,
                    0.5159561493402893
                ],
                [
                    7.007086386946874e-18,
                    0.9902680687415704,
                    0.1391731009600654,
                    1.128346201920131
                ],
                [
                    -0.26051337290717896,
                    -0.13436748705650636,
                    0.9560743490747173,
                    1.912148698149435
                ],
                [
                    0.0,
                    0.0,
                    0.0,
                    1.0
                ]
            ],
            "fl_x": 819.2,
            "fl_y": 819.2,
            "cx": 512.0,
            "cy": 537.0
        },
        {
            "file_path": "images/037.jpg",
            "mask_path": "mask/037.png",
            "depth_file_path": "depth/037.png",
            "transform_matrix": [
                [
                    0.9420543728724712,
                    -0.046687038931189244,
                    0.3321955432387567,
                    0.6643910864775135
                ],
                [
                    7.007086386946874e-18,
                    0.9902680687415704,
                    0.13917310096006547,
                    1.128346201920131
                ],
                [
                    -0.3354602190302973,
                    -0.13110862834565157,
                    0.9328863644739732,
                    1.8657727289479464
                ],
                [
                    0.0,
                    0.0,
                    0.0,
                    1.0
                ]
            ],
            "fl_x": 819.2,
            "fl_y": 819.2,
            "cx": 512.0,
            "cy": 537.0
        },
        {
            "file_path": "images/038.jpg",
            "mask_path": "mask/038.png",
            "depth_file_path": "depth/038.png",
            "transform_matrix": [
                [
                    0.912830428197876,
                    -0.056829782793293857,
                    0.4043649158170741,
                    0.8087298316341482
                ],
                [
                    0.0,
                    0.9902680687415704,
                    0.13917310096006547,
                    1.1283462019201307
                ],
                [
                    -0.4083388413512513,
                    -0.1270414413430028,
                    0.9039468252200514,
