{
    "w": 1024,
    "h": 1024,
    "k1": 0,
    "k2": 0,
    "p1": 0,
    "p2": 0,
    "camera_model": "OPENCV",
    "frames": [
        {
            "file_path": "images/000.jpg",
            "mask_path": "mask/000.png",
            "depth_file_path": "depth/000.png",
            "transform_matrix": [
                [
                    -0.9379805497577763,
                    0.04824962775384694,
                    -0.34331394043603125,
                    -0.6866278808720624
                ],
                [
                    -7.007086386946874e-18,
                    0.9902680687415704,
                    0.13917310096006547,
                    1.128346201920131
                ],
                [
                    0.34668788308231896,
                    0.1305416617500167,
                    -0.9288521875257895,
                    -1.8577043750515787
                ],
                [
                    0.0,
                    0.0,
                    0.0,
                    1.0
                ]
            ],
            "fl_x": 819.2,
            "fl_y": 819.2,
            "cx": 512.0,
            "cy": 537.0
        },
        {
            "file_path": "images/001.jpg",
            "mask_path": "mask/001.png",
            "depth_file_path": "depth/001.png",
            "transform_matrix": [
                [
                    -0.9078882509516163,
                    0.05834307098969756,
                    -0.41513252083100644,
                    -0.8302650416620129
                ],
                [
                    -1.4014172773893747e-17,
                    0.9902680687415704,
                    0.1391731009600655,
                    1.128346201920131
                ],
                [
                    0.4192122657843099,
                    0.12635362321014657,
                    -0.8990527449030193,
                    -1.7981054898060387
                ],
                [
                    0.0,
                    0.0,
                    0.0,
                    1.0
                ]
            ],
            "fl_x": 819.2,
            "fl_y": 819.2,
            "cx": 512.0,
            "cy": 537.0
        },
        {
            "file_path": "images/002.jpg",
            "mask_path": "mask/002.png",
            "depth_file_path": "depth/002.png",
            "transform_matrix": [
                [
                    -0.8721985191748605,
                    0.06807680979185682,
                    -0.48439167118948684,
                    -0.9687833423789738
                ],
                [
                    -1.4014172773893747e-17,
                    0.9902680687415704,
                    0.13917310096006547,
                    1.128346201920131
                ],
                [
                    0.4891520654655162,
                    0.12138657256634243,
                    -0.8637103431425465,
                    -1.727420686285093
                ],
                [
                    0.0,
                    0.0,
                    0.0,
                    1.0
                ]
            ],
            "fl_x": 819.2,
            "fl_y": 819.2,
            "cx": 512.0,
            "cy": 537.0
        },
        {
            "file_path": "images/003.jpg",
            "mask_path": "mask/003.png",
            "depth_file_path": "depth/003.png",
            "transform_matrix": [
                [
                    -0.8311313934919524,
                    0.07739083242381285,
                    -0.5506643858185081,
                    -1.1013287716370161
                ],
                [
                    0.0,
                    0.9902680687415704,
                    0.13917310096006547,
                    1.128346201920131
                ],
                [
                    0.5560760800035597,
                    0.11567113333753537,
                    -0.8230428799037658,
                    -1.6460857598075316
                ],
                [
                    0.0,
                    0.0,
                    0.0,
                    1.0
                ]
            ],
            "fl_x": 819.2,
            "fl_y": 819.2,
            "cx": 512.0,
            "cy": 537.0
        },
        {
            "file_path": "images/004.jpg",
            "mask_path": "mask/004.png",
            "depth_file_path": "depth/004.png",
            "transform_matrix": [
                [
                    -0.7849400663889324,
                    0.08622771483881282,
                    -0.6135420713944683,
                    -1.2270841427889365
                ],
                [
                    0.0,
                    0.9902680687415704,
                    0.13917310096006544,
                    1.128346201920131
                ],
                [
                    0.6195717005943207,
                    0.10924254310714733,
                    -0.7773010836208478,
                    -1.5546021672416956
                ],
                [
                    0.0,
                    0.0,
                    0.0,
                    1.0
                ]
            ],
            "fl_x": 819.2,
            "fl_y": 819.2,
            "cx": 512.0,
            "cy": 537.0
        },
        {
            "file_path": "images/005.jpg",
            "mask_path": "mask/005.png",
            "depth_file_path": "depth/005.png",
            "transform_matrix": [
                [
                    -0.7339093227575653,
                    0.09453297471820665,
                    -0.6726370660768396,
                    -1.3452741321536794
                ],
                [
                    -2.8028345547787495e-17,
                    0.9902680687415704,
                    0.1391731009600655,
                    1.1283462019201307
                ],
                [
                    0.6792474556224203,
                    0.10214043627167192,
                    -0.7267669676785682,
                    -1.4535339353571364
                ],
                [
                    0.0,
                    0.0,
                    0.0,
                    1.0
                ]
            ],
            "fl_x": 819.2,
            "fl_y": 819.2,
            "cx": 512.0,
            "cy": 537.0
        },
        {
            "file_path": "images/006.jpg",
            "mask_path": "mask/006.png",
            "depth_file_path": "depth/006.png",
            "transform_matrix": [
                [
                    -0.678353784101783,
                    0.10225540737305872,
                    -0.7275850295723252,
                    -1.4551700591446504
                ],
                [
                    2.019454130509426e-17,
                    0.9902680687415701,
                    0.13917310096006544,
                    1.128346201920131
                ],
                [
                    0.7347354242139079,
                    0.09440859968143989,
                    -0.6717520917060088,
                    -1.3435041834120178
                ],
                [
                    0.0,
                    0.0,
                    0.0,
                    1.0
                ]
            ],
            "fl_x": 819.2,
            "fl_y": 819.2,
            "cx": 512.0,
            "cy": 537.0
        },
        {
            "file_path": "images/007.jpg",
            "mask_path": "mask/007.png",
            "depth_file_path": "depth/007.png",
            "transform_matrix": [
                [
                    -0.6186159687914898,
                    0.10934740143808244,
                    -0.7780471894139231,
                    -1.5560943788278463
                ],
                [
                    1.0797573799152848e-17,
                    0.9902680687415704,
                    0.1391731009600655,
                    1.1283462019201311
                ],
                [
                    0.7856935045907955,
                    0.0860947026801267,
                    -0.6125956407078441,
                    -1.2251912814156882
                ],
                [
                    0.0,
                    0.0,
                    0.0,
                    1.0
                ]
            ],
            "fl_x": 819.2,
            "fl_y": 819.2,
            "cx": 512.0,
            "cy": 537.0
        },
        {
            "file_path": "images/008.jpg",
            "mask_path": "mask/008.png",
            "depth_file_path": "depth/008.png",
            "transform_matrix": [
                [
                    -0.5550641803229126,
                    0.11576523241153955,
                    -0.8237124296058396,
                    -1.6474248592116791
                ],
                [
                    0.0,
                    0.9902680687415704,
                    0.13917310096006547,
                    1.1283462019201311
                ],
                [
                    0.831807523242278,
                    0.07725000320739671,
                    -0.5496623338759934,
                    -1.099324667751987
                ],
                [
                    0.0,
                    0.0,
                    0.0,
                    1.0
                ]
            ],
            "fl_x": 819.2,
            "fl_y": 819.2,
            "cx": 512.0,
            "cy": 537.0
        },
        {
            "file_path": "images/009.jpg",
            "mask_path": "mask/009.png",
            "depth_file_path": "depth/009.png",
            "transform_matrix": [
                [
                    -0.4880902366050749,
                    0.12146933223133335,
                    -0.8642992087570576,
                    -1.7285984175141151
                ],
                [
                    0.0,
                    0.9902680687415704,
                    0.13917310096006547,
                    1.1283462019201311
                ],
                [
                    0.872793171908902,
                    0.06792903177666032,
                    -0.4833401759745235,
                    -0.9666803519490472
                ],
                [
                    0.0,
                    0.0,
                    0.0,
                    1.0
                ]
            ],
            "fl_x": 819.2,
            "fl_y": 819.2,
            "cx": 512.0,
            "cy": 537.0
        },
        {
            "file_path": "images/010.jpg",
            "mask_path": "mask/010.png",
            "depth_file_path": "depth/010.png",
            "transform_matrix": [
                [
                    -0.4181070542720928,
                    0.12642453322526917,
                    -0.8995572958776367,
                    -1.7991145917552733
                ],
                [
                    -1.2483865273161211e-17,
                    0.9902680687415704,
                    0.13917310096006544,
                    1.1283462019201307
                ],
                [
                    0.9083977604375263,
                    0.05818925527632555,
                    -0.41403806516125224,
                    -0.8280761303225046
                ],
                [
                    0.0,
                    0.0,
                    0.0,
                    1.0
                ]
            ],
            "fl_x": 819.2,
            "fl_y": 819.2,
            "cx": 512.0,
            "cy": 537.0
        },
        {
            "file_path": "images/011.jpg",
            "mask_path": "mask/011.png",
            "depth_file_path": "depth/011.png",
            "transform_matrix": [
                [
                    -0.3455461029148189,
                    0.1306002849314478,
                    -0.9292693131359745,
                    -1.8585386262719494
                ],
                [
                    0.0,
                    0.9902680687415701,
                    0.13917310096006544,
                    1.128346201920131
                ],
                [
                    0.9384017747001447,
                    0.04809072266732125,
                    -0.34218327199463355,
                    -0.6843665439892673
                ],
                [
                    0.0,
                    0.0,
                    0.0,
                    1.0
                ]
            ],
            "fl_x": 819.2,
            "fl_y": 819.2,
            "cx": 512.0,
            "cy": 537.0
        },
        {
            "file_path": "images/012.jpg",
            "mask_path": "mask/012.png",
            "depth_file_path": "depth/012.png",
            "transform_matrix": [
                [
                    -0.27085474492733613,
                    0.13397084245202243,
                    -0.9532520760654252,
                    -1.9065041521308501
                ],
                [
                    -6.614515019497289e-18,
                    0.9902680687415704,
                    0.13917310096006547,
                    1.1283462019201307
                ],
                [
                    0.9626202299714814,
                    0.03769569476128494,
                    -0.2682188051686838,
                    -0.5364376103373675
                ],
                [
                    0.0,
                    0.0,
                    0.0,
                    1.0
                ]
            ],
            "fl_x": 819.2,
            "fl_y": 819.2,
            "cx": 512.0,
            "cy": 537.0
        },
        {
            "file_path": "images/013.jpg",
            "mask_path": "mask/013.png",
            "depth_file_path": "depth/013.png",
            "transform_matrix": [
                [
                    -0.19449347736903383,
                    0.1365154251790544,
                    -0.9713577229574505,
                    -1.9427154459149012
                ],
                [
                    -3.3700740911713298e-18,
                    0.9902680687415704,
                    0.13917310096006547,
                    1.128346201920131
                ],
                [
                    0.9809038114213345,
                    0.027068260361954758,
                    -0.19260068021706545,
                    -0.3852013604341309
                ],
                [
                    0.0,
                    0.0,
                    0.0,
                    1.0
                ]
            ],
            "fl_x": 819.2,
            "fl_y": 819.2,
            "cx": 512.0,
            "cy": 537.0
        },
        {
            "file_path": "images/014.jpg",
            "mask_path": "mask/014.png",
            "depth_file_path": "depth/014.png",
            "transform_matrix": [
                [
                    -0.11693309284710722,
                    0.13821834491387205,
                    -0.9834746264782227,
                    -1.9669492529564456
                ],
                [
                    -3.4121130451585882e-18,
                    0.9902680687415701,
                    0.13917310096006544,
                    1.128346201920131
                ],
                [
                    0.9931397946901582,
                    0.01627394113638316,
                    -0.1157951080256836,
                    -0.23159021605136723
                ],
                [
                    0.0,
                    0.0,
                    0.0,
                    1.0
                ]
            ],
            "fl_x": 819.2,
            "fl_y": 819.2,
            "cx": 512.0,
            "cy": 537.0
        },
        {
            "file_path": "images/015.jpg",
            "mask_path": "mask/015.png",
            "depth_file_path": "depth/015.png",
            "transform_matrix": [
                [
                    -0.03865177692357904,
                    0.139069102590032,
                    -0.989528081888257,
                    -1.9790561637765143
                ],
                [
                    8.582787968949298e-19,
                    0.9902680687415704,
                    0.1391731009600655,
                    1.1283462019201311
                ],
                [
                    0.9992527408722228,
                    0.005379287652071195,
                    -0.03827562048754262,
                    -0.07655124097508524
                ],
                [
                    0.0,
                    0.0,
                    0.0,
                    1.0
                ]
            ],
            "fl_x": 819.2,
            "fl_y": 819.2,
            "cx": 512.0,
            "cy": 537.0
        },
        {
            "file_path": "images/016.jpg",
            "mask_path": "mask/016.png",
            "depth_file_path": "depth/016.png",
            "transform_matrix": [
                [
                    0.03986784005770311,
                    0.13906245300355496,
                    -0.9894807676219721,
                    -1.9789615352439445
                ],
                [
                    1.7164755166213866e-18,
                    0.9902680687415701,
                    0.1391731009600654,
                    1.128346201920131
                ],
                [
                    0.999204961621555,
                    -0.005548530929410455,
                    0.039479848978839466,
                    0.07895969795767895
                ],
                [
                    0.0,
                    0.0,
                    0.0,
                    1.0
                ]
            ],
            "fl_x": 819.2,
            "fl_y": 819.2,
            "cx": 512.0,
            "cy": 537.0
        },
        {
            "file_path": "images/017.jpg",
            "mask_path": "mask/017.png",
            "depth_file_path": "depth/017.png",
            "transform_matrix": [
                [
                    0.11814165854762741,
                    0.13819843715135297,
                    -0.9833329753875536,
                    -1.9666659507751074
                ],
                [
                    3.4116215942138273e-18,
                    0.9902680687415704,
                    0.13917310096006547,
                    1.1283462019201307
                ],
                [
                    0.9929967515131236,
                    -0.016442140972638533,
                    0.11699191204788502,
                    0.23398382409577004
                ],
                [
                    0.0,
                    0.0,
                    0.0,
                    1.0
                ]
            ],
            "fl_x": 819.2,
            "fl_y": 819.2,
            "cx": 512.0,
            "cy": 537.0
        },
        {
            "file_path": "images/018.jpg",
            "mask_path": "mask/018.png",
            "depth_file_path": "depth/018.png",
            "transform_matrix": [
                [
                    0.19568709442651755,
                    0.13648238197846907,
                    -0.971122608368475,
                    -1.9422452167369502
                ],
                [
                    3.369258373577249e-18,
                    0.9902680687415701,
                    0.13917310096006544,
                    1.128346201920131
                ],
                [
                    0.9806663862266859,
                    -0.027234379749203588,
                    0.19378268107539684,
                    0.3875653621507937
                ],
                [
                    0.0,
                    0.0,
                    0.0,
                    1.0
                ]
            ],
            "fl_x": 819.2,
            "fl_y": 819.2,
            "cx": 512.0,
            "cy": 537.0
        },
        {
            "file_path": "images/019.jpg",
            "mask_path": "mask/019.png",
            "depth_file_path": "depth/019.png",
            "transform_matrix": [
                [
                    0.2720260542957059,
                    0.13392486753569044,
                    -0.9529249475377676,
                    -1.9058498950755351
                ],
                [
                    6.612245109350932e-18,
                    0.9902680687415704,
                    0.13917310096006547,
                    1.1283462019201311
                ],
                [
                    0.9622898865644955,
                    -0.03785870951826453,
                    0.26937871543479824,
                    0.5387574308695965
                ],
                [
                    0.0,
                    0.0,
                    0.0,
                    1.0
                ]
            ],
            "fl_x": 819.2,
            "fl_y": 819.2,
            "cx": 512.0,
            "cy": 537.0
        },
        {
            "file_path": "images/020.jpg",
            "mask_path": "mask/020.png",
            "depth_file_path": "depth/020.png",
            "transform_matrix": [
                [
                    0.34668788308231924,
                    0.1305416617500167,
                    -0.9288521875257895,
                    -1.8577043750515787
                ],
                [
                    -1.2890413563307187e-17,
                    0.9902680687415701,
                    0.1391731009600655,
                    1.128346201920131
                ],
                [
                    0.9379805497577762,
                    -0.04824962775384698,
                    0.34331394043603153,
                    0.686627880872063
                ],
                [
                    0.0,
                    0.0,
                    0.0,
                    1.0
                ]
            ],
            "fl_x": 819.2,
            "fl_y": 819.2,
            "cx": 512.0,
            "cy": 537.0
        },
        {
            "file_path": "images/021.jpg",
            "mask_path": "mask/021.png",
            "depth_file_path": "depth/021.png",
            "transform_matrix": [
                [
                    0.41921226578431003,
                    0.12635362321014654,
                    -0.8990527449030192,
                    -1.798105489806038
                ],
                [
                    0.0,
                    0.9902680687415704,
                    0.13917310096006547,
                    1.128346201920131
                ],
                [
                    0.9078882509516164,
                    -0.05834307098969757,
                    0.41513252083100655,
                    0.8302650416620131
                ],
                [
                    0.0,
                    0.0,
                    0.0,
                    1.0
                ]
            ],
            "fl_x": 819.2,
            "fl_y": 819.2,
            "cx": 512.0,
            "cy": 537.0
        },
        {
            "file_path": "images/022.jpg",
            "mask_path": "mask/022.png",
            "depth_file_path": "depth/022.png",
            "transform_matrix": [
                [
                    0.48915206546551626,
                    0.12138657256634242,
                    -0.8637103431425465,
                    -1.7274206862850932
                ],
                [
                    0.0,
                    0.9902680687415704,
                    0.13917310096006547,
                    1.1283462019201307
                ],
                [
                    0.8721985191748604,
                    -0.06807680979185685,
                    0.48439167118948684,
                    0.9687833423789739
                ],
                [
                    0.0,
                    0.0,
                    0.0,
                    1.0
                ]
            ],
            "fl_x": 819.2,
            "fl_y": 819.2,
            "cx": 512.0,
            "cy": 537.0
        },
        {
            "file_path": "images/023.jpg",
            "mask_path": "mask/023.png",
            "depth_file_path": "depth/023.png",
            "transform_matrix": [
                [
                    0.5560760800035599,
                    0.11567113333753537,
                    -0.8230428799037657,
                    -1.6460857598075316
                ],
                [
                    1.1422014444036979e-17,
                    0.9902680687415704,
                    0.13917310096006547,
                    1.128346201920131
                ],
                [
                    0.8311313934919523,
                    -0.07739083242381288,
                    0.5506643858185083,
                    1.1013287716370161
                ],
                [
                    0.0,
                    0.0,
                    0.0,
                    1.0
                ]
            ],
            "fl_x": 819.2,
            "fl_y": 819.2,
            "cx": 512.0,
            "cy": 537.0
        },
        {
            "file_path": "images/024.jpg",
            "mask_path": "mask/024.png",
            "depth_file_path": "depth/024.png",
            "transform_matrix": [
                [
                    0.6195717005943209,
                    0.10924254310714733,
                    -0.7773010836208479,
                    -1.5546021672416959
                ],
                [
                    -1.078721950127437e-17,
                    0.9902680687415704,
                    0.1391731009600655,
                    1.1283462019201311
                ],
                [
                    0.7849400663889323,
                    -0.08622771483881288,
                    0.6135420713944685,
                    1.227084142788937
                ],
                [
                    0.0,
                    0.0,
                    0.0,
                    1.0
                ]
            ],
            "fl_x": 819.2,
            "fl_y": 819.2,
            "cx": 512.0,
            "cy": 537.0
        },
        {
            "file_path": "images/025.jpg",
            "mask_path": "mask/025.png",
            "depth_file_path": "depth/025.png",
            "transform_matrix": [
                [
                    0.6792474556224203,
                    0.10214043627167191,
                    -0.726766967678568,
                    -1.4535339353571357
                ],
                [
                    -1.0085917763171912e-17,
                    0.9902680687415704,
                    0.1391731009600655,
                    1.1283462019201311
                ],
                [
                    0.7339093227575652,
                    -0.0945329747182067,
                    0.6726370660768397,
                    1.345274132153679
                ],
                [
                    0.0,
                    0.0,
                    0.0,
                    1.0
                ]
            ],
            "fl_x": 819.2,
            "fl_y": 819.2,
            "cx": 512.0,
            "cy": 537.0
        },
        {
            "file_path": "images/026.jpg",
            "mask_path": "mask/026.png",
            "depth_file_path": "depth/026.png",
            "transform_matrix": [
                [
                    0.7347354242139079,
                    0.09440859968143989,
                    -0.6717520917060088,
                    -1.3435041834120178
                ],
                [
                    2.8028345547787495e-17,
                    0.9902680687415704,
                    0.13917310096006547,
                    1.128346201920131
                ],
                [
                    0.6783537841017832,
                    -0.10225540737305876,
                    0.7275850295723252,
                    1.4551700591446506
                ],
                [
                    0.0,
                    0.0,
                    0.0,
                    1.0
                ]
            ],
            "fl_x": 819.2,
            "fl_y": 819.2,
            "cx": 512.0,
            "cy": 537.0
        },
        {
            "file_path": "images/027.jpg",
            "mask_path": "mask/027.png",
            "depth_file_path": "depth/027.png",
            "transform_matrix": [
                [
                    0.7856935045907957,
                    0.08609470268012669,
                    -0.612595640707844,
                    -1.2251912814156882
                ],
                [
                    1.4014172773893747e-17,
                    0.9902680687415704,
                    0.1391731009600655,
                    1.128346201920131
                ],
                [
                    0.6186159687914897,
                    -0.10934740143808244,
                    0.7780471894139233,
                    1.5560943788278465
                ],
                [
                    0.0,
                    0.0,
                    0.0,
                    1.0
                ]
            ],
            "fl_x": 819.2,
            "fl_y": 819.2,
            "cx": 512.0,
            "cy": 537.0
        },
        {
            "file_path": "images/028.jpg",
            "mask_path": "mask/028.png",
            "depth_file_path": "depth/028.png",
            "transform_matrix": [
                [
                    0.8318075232422782,
                    0.07725000320739672,
                    -0.5496623338759934,
                    -1.0993246677519866
                ],
                [
                    0.0,
                    0.9902680687415706,
                    0.1391731009600655,
                    1.1283462019201307
                ],
                [
                    0.5550641803229126,
                    -0.11576523241153962,
                    0.8237124296058397,
                    1.6474248592116791
                ],
                [
                    0.0,
                    0.0,
                    0.0,
                    1.0
                ]
            ],
            "fl_x": 819.2,
            "fl_y": 819.2,
            "cx": 512.0,
            "cy": 537.0
        },
        {
            "file_path": "images/029.jpg",
            "mask_path": "mask/029.png",
            "depth_file_path": "depth/029.png",
            "transform_matrix": [
                [
                    0.8727931719089019,
                    0.06792903177666026,
                    -0.48334017597452333,
                    -0.966680351949047
                ],
                [
                    1.4014172773893744e-17,
                    0.9902680687415701,
                    0.1391731009600654,
                    1.1283462019201307
                ],
                [
                    0.4880902366050747,
                    -0.12146933223133334,
                    0.8642992087570577,
                    1.7285984175141158
                ],
                [
                    0.0,
                    0.0,
                    0.0,
                    1.0
                ]
            ],
            "fl_x": 819.2,
            "fl_y": 819.2,
            "cx": 512.0,
            "cy": 537.0
        },
        {
            "file_path": "images/030.jpg",
            "mask_path": "mask/030.png",
            "depth_file_path": "depth/030.png",
            "transform_matrix": [
                [
                    0.9083977604375263,
                    0.05818925527632552,
                    -0.4140380651612522,
                    -0.8280761303225045
                ],
                [
                    -1.4014172773893747e-17,
                    0.9902680687415704,
                    0.13917310096006544,
                    1.1283462019201305
                ],
                [
                    0.4181070542720927,
                    -0.12642453322526917,
                    0.8995572958776367,
                    1.7991145917552738
                ],
                [
                    0.0,
                    0.0,
                    0.0,
                    1.0
                ]
            ],
            "fl_x": 819.2,
            "fl_y": 819.2,
            "cx": 512.0,
            "cy": 537.0
        },
        {
            "file_path": "images/031.jpg",
            "mask_path": "mask/031.png",
            "depth_file_path": "depth/031.png",
            "transform_matrix": [
                [
                    0.9384017747001449,
                    0.04809072266732127,
                    -0.3421832719946337,
                    -0.6843665439892674
                ],
                [
                    0.0,
                    0.9902680687415704,
                    0.13917310096006544,
                    1.128346201920131
                ],
                [
                    0.3455461029148191,
                    -0.13060028493144782,
                    0.9292693131359744,
                    1.8585386262719488
                ],
                [
                    0.0,
                    0.0,
                    0.0,
                    1.0
                ]
            ],
            "fl_x": 819.2,
            "fl_y": 819.2,
            "cx": 512.0,
            "cy": 537.0
        },
        {
            "file_path": "images/032.jpg",
            "mask_path": "mask/032.png",
            "depth_file_path": "depth/032.png",
            "transform_matrix": [
                [
                    0.9626202299714814,
                    0.03769569476128493,
                    -0.2682188051686839,
                    -0.5364376103373678
                ],
                [
                    0.0,
                    0.9902680687415704,
                    0.13917310096006547,
                    1.128346201920131
                ],
                [
                    0.27085474492733624,
                    -0.1339708424520224,
                    0.9532520760654252,
                    1.9065041521308508
                ],
                [
                    0.0,
                    0.0,
                    0.0,
                    1.0
                ]
            ],
            "fl_x": 819.2,
            "fl_y": 819.2,
            "cx": 512.0,
            "cy": 537.0
        },
        {
            "file_path": "images/033.jpg",
            "mask_path": "mask/033.png",
            "depth_file_path": "depth/033.png",
            "transform_matrix": [
                [
                    0.9809038114213345,
                    0.02706826036195477,
                    -0.19260068021706556,
                    -0.38520136043413106
                ],
                [
                    -3.503543193473437e-18,
                    0.9902680687415704,
                    0.13917310096006547,
                    1.128346201920131
                ],
                [
                    0.19449347736903394,
                    -0.1365154251790544,
                    0.9713577229574505,
                    1.942715445914901
                ],
                [
                    0.0,
                    0.0,
                    0.0,
                    1.0
                ]
            ],
            "fl_x": 819.2,
            "fl_y": 819.2,
            "cx": 512.0,
            "cy": 537.0
        },
        {
            "file_path": "images/034.jpg",
            "mask_path": "mask/034.png",
            "depth_file_path": "depth/034.png",
            "transform_matrix": [
                [
                    0.9931397946901581,
                    0.01627394113638317,
                    -0.11579510802568367,
                    -0.23159021605136734
                ],
                [
                    -7.007086386946872e-18,
                    0.9902680687415701,
                    0.1391731009600654,
                    1.1283462019201307
                ],
                [
                    0.1169330928471073,
                    -0.13821834491387203,
                    0.9834746264782226,
                    1.9669492529564452
                ],
                [
                    0.0,
                    0.0,
                    0.0,
                    1.0
                ]
            ],
            "fl_x": 819.2,
            "fl_y": 819.2,
            "cx": 512.0,
            "cy": 537.0
        },
        {
            "file_path": "images/035.jpg",
            "mask_path": "mask/035.png",
            "depth_file_path": "depth/035.png",
            "transform_matrix": [
                [
                    0.999252740872223,
                    0.005379287652071205,
                    -0.03827562048754269,
                    -0.07655124097508538
                ],
                [
                    0.0,
                    0.9902680687415704,
                    0.13917310096006547,
                    1.128346201920131
                ],
                [
                    0.03865177692357912,
                    -0.139069102590032,
                    0.9895280818882569,
                    1.9790561637765138
                ],
                [
                    0.0,
                    0.0,
                    0.0,
                    1.0
                ]
            ],
            "fl_x": 819.2,
            "fl_y": 819.2,
            "cx": 512.0,
            "cy": 537.0
        },
        {
            "file_path": "images/036.jpg",
            "mask_path": "mask/036.png",
            "depth_file_path": "depth/036.png",
            "transform_matrix": [
                [
                    0.9992049616215551,
                    -0.005548530929410445,
                    0.039479848978839396,
                    0.07895969795767879
                ],
                [
                    2.627657395105077e-18,
                    0.9902680687415701,
                    0.13917310096006544,
                    1.1283462019201307
                ],
                [
                    -0.039867840057703025,
                    -0.139062453003555,
                    0.9894807676219722,
                    1.9789615352439445
                ],
                [
                    0.0,
                    0.0,
                    0.0,
                    1.0
                ]
            ],
            "fl_x": 819.2,
            "fl_y": 819.2,
            "cx": 512.0,
            "cy": 537.0
        },
        {
            "file_path": "images/037.jpg",
            "mask_path": "mask/037.png",
            "depth_file_path": "depth/037.png",
            "transform_matrix": [
                [
                    0.9929967515131235,
                    -0.016442140972638516,
                    0.11699191204788492,
                    0.23398382409576984
                ],
                [
                    0.0,
                    0.9902680687415704,
                    0.13917310096006544,
                    1.128346201920131
                ],
                [
                    -0.11814165854762733,
                    -0.13819843715135294,
                    0.9833329753875536,
                    1.9666659507751072
                ],
                [
                    0.0,
                    0.0,
                    0.0,
                    1.0
                ]
            ],
            "fl_x": 819.2,
            "fl_y": 819.2,
            "cx": 512.0,
            "cy": 537.0
        },
        {
            "file_path": "images/038.jpg",
            "mask_path": "mask/038.png",
            "depth_file_path": "depth/038.png",
            "transform_matrix": [
                [
                    0.9806663862266857,
                    -0.027234379749203574,
                    0.19378268107539673,
                    0.3875653621507934
                ],
                [
                    -3.503543193473437e-18,
                    0.9902680687415704,
                    0.13917310096006547,
                    1.128346201920131
                ],
                [
