{
    "w": 1024,
    "h": 1024,
    "k1": 0,
    "k2": 0,
    "p1": 0,
    "p2": 0,
    "camera_model": "OPENCV",
    "frames": [
        {
            "file_path": "images/000.jpg",
            "mask_path": "mask/000.png",
            "depth_file_path": "depth/000.png",
            "transform_matrix": [
                [
                    -0.9379805497577763,
                    0.04824962775384694,
                    -0.34331394043603125,
                    -0.6866278808720624
                ],
                [
                    -7.007086386946874e-18,
                    0.9902680687415704,
                    0.13917310096006547,
                    1.128346201920131
                ],
                [
                    0.34668788308231896,
                    0.1305416617500167,
                    -0.9288521875257895,
                    -1.8577043750515787
                ],
                [
                    0.0,
                    0.0,
                    0.0,
                    1.0
                ]
            ],
            "fl_x": 819.2,
            "fl_y": 819.2,
            "cx": 512.0,
            "cy": 537.0
        },
        {
            "file_path": "images/002.jpg",
            "mask_path": "mask/002.png",
            "depth_file_path": "depth/002.png",
            "transform_matrix": [
                [
                    -0.8721985191748605,
                    0.06807680979185682,
                    -0.48439167118948684,
                    -0.9687833423789738
                ],
                [
                    -1.4014172773893747e-17,
                    0.9902680687415704,
                    0.13917310096006547,
                    1.128346201920131
                ],
                [
                    0.4891520654655162,
                    0.12138657256634243,
                    -0.8637103431425465,
                    -1.727420686285093
                ],
                [
                    0.0,
                    0.0,
                    0.0,
                    1.0
                ]
            ],
            "fl_x": 819.2,
            "fl_y": 819.2,
            "cx": 512.0,
            "cy": 537.0
        },
        {
            "file_path": "images/005.jpg",
            "mask_path": "mask/005.png",
            "depth_file_path": "depth/005.png",
            "transform_matrix": [
                [
                    -0.7339093227575653,
                    0.09453297471820665,
                    -0.6726370660768396,
                    -1.3452741321536794
                ],
                [
                    -2.8028345547787495e-17,
                    0.9902680687415704,
                    0.1391731009600655,
                    1.1283462019201307
                ],
                [
                    0.6792474556224203,
                    0.10214043627167192,
                    -0.7267669676785682,
                    -1.4535339353571364
                ],
                [
                    0.0,
                    0.0,
                    0.0,
                    1.0
                ]
            ],
            "fl_x": 819.2,
            "fl_y": 819.2,
            "cx": 512.0,
            "cy": 537.0
        },
        {
            "file_path": "images/007.jpg",
            "mask_path": "mask/007.png",
            "depth_file_path": "depth/007.png",
            "transform_matrix": [
                [
                    -0.6186159687914898,
                    0.10934740143808244,
                    -0.7780471894139231,
                    -1.5560943788278463
                ],
                [
                    1.0797573799152848e-17,
                    0.9902680687415704,
                    0.1391731009600655,
                    1.1283462019201311
                ],
                [
                    0.7856935045907955,
                    0.0860947026801267,
                    -0.6125956407078441,
                    -1.2251912814156882
                ],
                [
                    0.0,
                    0.0,
                    0.0,
                    1.0
                ]
            ],
            "fl_x": 819.2,
            "fl_y": 819.2,
            "cx": 512.0,
            "cy": 537.0
        },
        {
            "file_path": "images/010.jpg",
            "mask_path": "mask/010.png",
            "depth_file_path": "depth/010.png",
            "transform_matrix": [
                [
                    -0.4181070542720928,
                    0.12642453322526917,
                    -0.8995572958776367,
                    -1.7991145917552733
                ],
                [
                    -1.2483865273161211e-17,
                    0.9902680687415704,
                    0.13917310096006544,
                    1.1283462019201307
                ],
                [
                    0.9083977604375263,
                    0.05818925527632555,
                    -0.41403806516125224,
                    -0.8280761303225046
                ],
                [
                    0.0,
                    0.0,
                    0.0,
                    1.0
                ]
            ],
            "fl_x": 819.2,
            "fl_y": 819.2,
            "cx": 512.0,
            "cy": 537.0
        },
        {
            "file_path": "images/012.jpg",
            "mask_path": "mask/012.png",
            "depth_file_path": "depth/012.png",
            "transform_matrix": [
                [
                    -0.27085474492733613,
                    0.13397084245202243,
                    -0.9532520760654252,
                    -1.9065041521308501
                ],
                [
                    -6.614515019497289e-18,
                    0.9902680687415704,
                    0.13917310096006547,
                    1.1283462019201307
                ],
                [
                    0.9626202299714814,
                    0.03769569476128494,
                    -0.2682188051686838,
                    -0.5364376103373675
                ],
                [
                    0.0,
                    0.0,
                    0.0,
                    1.0
                ]
            ],
            "fl_x": 819.2,
            "fl_y": 819.2,
            "cx": 512.0,
            "cy": 537.0
        },
        {
            "file_path": "images/015.jpg",
            "mask_path": "mask/015.png",
            "depth_file_path": "depth/015.png",
            "transform_matrix": [
                [
                    -0.03865177692357904,
                    0.139069102590032,
                    -0.989528081888257,
                    -1.9790561637765143
                ],
                [
                    8.582787968949298e-19,
                    0.9902680687415704,
                    0.1391731009600655,
                    1.1283462019201311
                ],
                [
                    0.9992527408722228,
                    0.005379287652071195,
                    -0.03827562048754262,
                    -0.07655124097508524
                ],
                [
                    0.0,
                    0.0,
                    0.0,
                    1.0
                ]
            ],
            "fl_x": 819.2,
            "fl_y": 819.2,
            "cx": 512.0,
            "cy": 537.0
        },
        {
            "file_path": "images/017.jpg",
            "mask_path": "mask/017.png",
            "depth_file_path": "depth/017.png",
            "transform_matrix": [
                [
                    0.11814165854762741,
                    0.13819843715135297,
                    -0.9833329753875536,
                    -1.9666659507751074
                ],
                [
                    3.4116215942138273e-18,
                    0.9902680687415704,
                    0.13917310096006547,
                    1.1283462019201307
                ],
                [
                    0.9929967515131236,
                    -0.016442140972638533,
                    0.11699191204788502,
                    0.23398382409577004
                ],
                [
                    0.0,
                    0.0,
                    0.0,
                    1.0
                ]
            ],
            "fl_x": 819.2,
            "fl_y": 819.2,
            "cx": 512.0,
            "cy": 537.0
        },
        {
            "file_path": "images/020.jpg",
            "mask_path": "mask/020.png",
            "depth_file_path": "depth/020.png",
            "transform_matrix": [
                [
                    0.34668788308231924,
                    0.1305416617500167,
                    -0.9288521875257895,
                    -1.8577043750515787
                ],
                [
                    -1.2890413563307187e-17,
                    0.9902680687415701,
                    0.1391731009600655,
                    1.128346201920131
                ],
                [
                    0.9379805497577762,
                    -0.04824962775384698,
                    0.34331394043603153,
                    0.686627880872063
                ],
                [
                    0.0,
                    0.0,
                    0.0,
                    1.0
                ]
            ],
            "fl_x": 819.2,
            "fl_y": 819.2,
            "cx": 512.0,
            "cy": 537.0
        },
        {
            "file_path": "images/022.jpg",
            "mask_path": "mask/022.png",
            "depth_file_path": "depth/022.png",
            "transform_matrix": [
                [
                    0.48915206546551626,
                    0.12138657256634242,
                    -0.8637103431425465,
                    -1.7274206862850932
                ],
                [
                    0.0,
                    0.9902680687415704,
                    0.13917310096006547,
                    1.1283462019201307
                ],
                [
                    0.8721985191748604,
                    -0.06807680979185685,
                    0.48439167118948684,
                    0.9687833423789739
                ],
                [
                    0.0,
                    0.0,
                    0.0,
                    1.0
                ]
            ],
            "fl_x": 819.2,
            "fl_y": 819.2,
            "cx": 512.0,
            "cy": 537.0
        },
        {
            "file_path": "images/025.jpg",
            "mask_path": "mask/025.png",
            "depth_file_path": "depth/025.png",
            "transform_matrix": [
                [
                    0.6792474556224203,
                    0.10214043627167191,
                    -0.726766967678568,
                    -1.4535339353571357
                ],
                [
                    -1.0085917763171912e-17,
                    0.9902680687415704,
                    0.1391731009600655,
                    1.1283462019201311
                ],
                [
                    0.7339093227575652,
                    -0.0945329747182067,
                    0.6726370660768397,
                    1.345274132153679
                ],
                [
                    0.0,
                    0.0,
                    0.0,
                    1.0
                ]
            ],
            "fl_x": 819.2,
            "fl_y": 819.2,
            "cx": 512.0,
            "cy": 537.0
        },
        {
            "file_path": "images/027.jpg",
            "mask_path": "mask/027.png",
            "depth_file_path": "depth/027.png",
            "transform_matrix": [
                [
                    0.7856935045907957,
                    0.08609470268012669,
                    -0.612595640707844,
                    -1.2251912814156882
                ],
                [
                    1.4014172773893747e-17,
                    0.9902680687415704,
                    0.1391731009600655,
                    1.128346201920131
                ],
                [
                    0.6186159687914897,
                    -0.10934740143808244,
                    0.7780471894139233,
                    1.5560943788278465
                ],
                [
                    0.0,
                    0.0,
                    0.0,
                    1.0
                ]
            ],
            "fl_x": 819.2,
            "fl_y": 819.2,
            "cx": 512.0,
            "cy": 537.0
        },
        {
            "file_path": "images/030.jpg",
            "mask_path": "mask/030.png",
            "depth_file_path": "depth/030.png",
            "transform_matrix": [
                [
                    0.9083977604375263,
                    0.05818925527632552,
                    -0.4140380651612522,
                    -0.8280761303225045
                ],
                [
                    -1.4014172773893747e-17,
                    0.9902680687415704,
                    0.13917310096006544,
                    1.1283462019201305
                ],
                [
                    0.4181070542720927,
                    -0.12642453322526917,
                    0.8995572958776367,
                    1.7991145917552738
                ],
                [
                    0.0,
                    0.0,
                    0.0,
                    1.0
                ]
            ],
            "fl_x": 819.2,
            "fl_y": 819.2,
            "cx": 512.0,
            "cy": 537.0
        },
        {
            "file_path": "images/032.jpg",
            "mask_path": "mask/032.png",
            "depth_file_path": "depth/032.png",
            "transform_matrix": [
                [
                    0.9626202299714814,
                    0.03769569476128493,
                    -0.2682188051686839,
                    -0.5364376103373678
                ],
                [
                    0.0,
                    0.9902680687415704,
                    0.13917310096006547,
                    1.128346201920131
                ],
                [
                    0.27085474492733624,
                    -0.1339708424520224,
                    0.9532520760654252,
                    1.9065041521308508
                ],
                [
                    0.0,
                    0.0,
                    0.0,
                    1.0
                ]
            ],
            "fl_x": 819.2,
            "fl_y": 819.2,
            "cx": 512.0,
            "cy": 537.0
        },
        {
            "file_path": "images/035.jpg",
            "mask_path": "mask/035.png",
            "depth_file_path": "depth/035.png",
            "transform_matrix": [
                [
                    0.999252740872223,
                    0.005379287652071205,
                    -0.03827562048754269,
                    -0.07655124097508538
                ],
                [
                    0.0,
                    0.9902680687415704,
                    0.13917310096006547,
                    1.128346201920131
                ],
                [
                    0.03865177692357912,
                    -0.139069102590032,
                    0.9895280818882569,
                    1.9790561637765138
                ],
                [
                    0.0,
                    0.0,
                    0.0,
                    1.0
                ]
            ],
            "fl_x": 819.2,
            "fl_y": 819.2,
            "cx": 512.0,
            "cy": 537.0
        },
        {
            "file_path": "images/037.jpg",
            "mask_path": "mask/037.png",
            "depth_file_path": "depth/037.png",
            "transform_matrix": [
                [
                    0.9929967515131235,
                    -0.016442140972638516,
                    0.11699191204788492,
                    0.23398382409576984
                ],
                [
                    0.0,
                    0.9902680687415704,
                    0.13917310096006544,
                    1.128346201920131
                ],
                [
                    -0.11814165854762733,
                    -0.13819843715135294,
                    0.9833329753875536,
                    1.9666659507751072
                ],
                [
                    0.0,
                    0.0,
                    0.0,
                    1.0
                ]
            ],
            "fl_x": 819.2,
            "fl_y": 819.2,
            "cx": 512.0,
            "cy": 537.0
        },
        {
            "file_path": "images/040.jpg",
            "mask_path": "mask/040.png",
            "depth_file_path": "depth/040.png",
            "transform_matrix": [
                [
                    0.9379805497577762,
                    -0.04824962775384695,
                    0.34331394043603136,
                    0.6866278808720627
                ],
                [
                    0.0,
                    0.9902680687415704,
                    0.13917310096006547,
                    1.128346201920131
                ],
                [
                    -0.34668788308231907,
                    -0.1305416617500167,
                    0.9288521875257895,
                    1.857704375051579
                ],
                [
                    0.0,
                    0.0,
                    0.0,
                    1.0
                ]
            ],
            "fl_x": 819.2,
            "fl_y": 819.2,
            "cx": 512.0,
            "cy": 537.0
        },
        {
            "file_path": "images/042.jpg",
            "mask_path": "mask/042.png",
            "depth_file_path": "depth/042.png",
            "transform_matrix": [
                [
                    0.8721985191748604,
                    -0.06807680979185683,
                    0.4843916711894869,
                    0.9687833423789737
                ],
                [
                    -1.4014172773893747e-17,
                    0.9902680687415704,
                    0.13917310096006544,
                    1.1283462019201307
                ],
                [
                    -0.4891520654655163,
                    -0.12138657256634243,
                    0.8637103431425465,
                    1.7274206862850927
                ],
                [
                    0.0,
                    0.0,
                    0.0,
                    1.0
                ]
            ],
            "fl_x": 819.2,
            "fl_y": 819.2,
            "cx": 512.0,
            "cy": 537.0
        },
        {
            "file_path": "images/045.jpg",
            "mask_path": "mask/045.png",
            "depth_file_path": "depth/045.png",
            "transform_matrix": [
                [
                    0.7339093227575652,
                    -0.09453297471820668,
                    0.6726370660768396,
                    1.3452741321536796
                ],
                [
                    -2.8028345547787495e-17,
                    0.9902680687415704,
                    0.13917310096006547,
                    1.128346201920131
                ],
                [
                    -0.6792474556224204,
                    -0.1021404362716719,
                    0.726766967678568,
                    1.4535339353571366
                ],
                [
                    0.0,
                    0.0,
                    0.0,
                    1.0
                ]
            ],
            "fl_x": 819.2,
            "fl_y": 819.2,
            "cx": 512.0,
            "cy": 537.0
        },
        {
            "file_path": "images/047.jpg",
            "mask_path": "mask/047.png",
            "depth_file_path": "depth/047.png",
            "transform_matrix": [
                [
                    0.6186159687914898,
                    -0.10934740143808244,
                    0.7780471894139233,
                    1.5560943788278465
                ],
                [
                    2.1595147598305702e-17,
                    0.9902680687415704,
                    0.13917310096006547,
                    1.1283462019201307
                ],
                [
                    -0.7856935045907957,
                    -0.08609470268012671,
                    0.6125956407078441,
                    1.225191281415688
                ],
                [
                    0.0,
                    0.0,
                    0.0,
                    1.0
                ]
            ],
            "fl_x": 819.2,
            "fl_y": 819.2,
            "cx": 512.0,
            "cy": 537.0
        },
        {
            "file_path": "images/050.jpg",
            "mask_path": "mask/050.png",
            "depth_file_path": "depth/050.png",
            "transform_matrix": [
                [
                    0.4181070542720927,
                    -0.1264245332252692,
                    0.8995572958776368,
                    1.7991145917552736
                ],
                [
                    0.0,
                    0.9902680687415704,
                    0.13917310096006547,
                    1.1283462019201307
                ],
                [
                    -0.9083977604375263,
                    -0.058189255276325534,
                    0.4140380651612522,
                    0.8280761303225045
                ],
                [
                    0.0,
                    0.0,
                    0.0,
                    1.0
                ]
            ],
            "fl_x": 819.2,
            "fl_y": 819.2,
            "cx": 512.0,
            "cy": 537.0
        },
        {
            "file_path": "images/052.jpg",
            "mask_path": "mask/052.png",
            "depth_file_path": "depth/052.png",
            "transform_matrix": [
                [
                    0.2708547449273362,
                    -0.13397084245202237,
                    0.9532520760654251,
                    1.9065041521308501
                ],
                [
                    0.0,
                    0.9902680687415704,
                    0.13917310096006547,
                    1.1283462019201311
                ],
                [
                    -0.9626202299714813,
                    -0.037695694761284954,
                    0.26821880516868396,
                    0.5364376103373678
                ],
                [
                    0.0,
                    0.0,
                    0.0,
                    1.0
                ]
            ],
            "fl_x": 819.2,
            "fl_y": 819.2,
            "cx": 512.0,
            "cy": 537.0
        },
        {
            "file_path": "images/055.jpg",
            "mask_path": "mask/055.png",
            "depth_file_path": "depth/055.png",
            "transform_matrix": [
                [
                    0.03865177692357916,
                    -0.139069102590032,
                    0.989528081888257,
                    1.9790561637765143
                ],
                [
                    8.582787968949298e-19,
                    0.9902680687415704,
                    0.1391731009600655,
                    1.1283462019201311
                ],
                [
                    -0.9992527408722228,
                    -0.005379287652071211,
                    0.03827562048754273,
                    0.07655124097508546
                ],
                [
                    0.0,
                    0.0,
                    0.0,
                    1.0
                ]
            ],
            "fl_x": 819.2,
            "fl_y": 819.2,
            "cx": 512.0,
            "cy": 537.0
        },
        {
            "file_path": "images/057.jpg",
            "mask_path": "mask/057.png",
            "depth_file_path": "depth/057.png",
            "transform_matrix": [
                [
                    -0.11814165854762727,
                    -0.13819843715135294,
                    0.9833329753875537,
                    1.9666659507751076
                ],
                [
                    0.0,
                    0.9902680687415701,
                    0.13917310096006544,
                    1.1283462019201311
                ],
                [
                    -0.9929967515131234,
                    0.01644214097263851,
                    -0.11699191204788488,
                    -0.23398382409576984
                ],
                [
                    0.0,
                    0.0,
                    0.0,
                    1.0
                ]
            ],
            "fl_x": 819.2,
            "fl_y": 819.2,
            "cx": 512.0,
            "cy": 537.0
        },
        {
            "file_path": "images/061.jpg",
            "mask_path": "mask/061.png",
            "depth_file_path": "depth/061.png",
            "transform_matrix": [
                [
                    -0.41921226578431003,
                    -0.1263536232101465,
                    0.899052744903019,
                    1.798105489806038
                ],
                [
                    0.0,
                    0.9902680687415704,
                    0.13917310096006547,
                    1.1283462019201311
                ],
                [
                    -0.9078882509516162,
                    0.05834307098969758,
                    -0.41513252083100655,
                    -0.8302650416620133
                ],
                [
                    0.0,
                    0.0,
                    0.0,
                    1.0
                ]
            ],
            "fl_x": 819.2,
            "fl_y": 819.2,
            "cx": 512.0,
            "cy": 537.0
        },
        {
            "file_path": "images/064.jpg",
            "mask_path": "mask/064.png",
            "depth_file_path": "depth/064.png",
            "transform_matrix": [
                [
                    -0.619571700594321,
                    -0.10924254310714732,
                    0.7773010836208479,
                    1.5546021672416959
                ],
                [
                    -1.078721950127437e-17,
                    0.9902680687415704,
                    0.13917310096006547,
                    1.1283462019201311
                ],
                [
                    -0.7849400663889323,
                    0.08622771483881288,
                    -0.6135420713944685,
                    -1.2270841427889376
                ],
                [
                    0.0,
                    0.0,
                    0.0,
                    1.0
                ]
            ],
            "fl_x": 819.2,
            "fl_y": 819.2,
            "cx": 512.0,
            "cy": 537.0
        },
        {
            "file_path": "images/066.jpg",
            "mask_path": "mask/066.png",
            "depth_file_path": "depth/066.png",
            "transform_matrix": [
                [
                    -0.7347354242139081,
                    -0.09440859968143989,
                    0.6717520917060087,
                    1.3435041834120174
                ],
                [
                    -2.8028345547787495e-17,
                    0.9902680687415704,
                    0.13917310096006547,
                    1.128346201920131
                ],
                [
                    -0.6783537841017829,
                    0.10225540737305876,
                    -0.7275850295723252,
                    -1.4551700591446504
                ],
                [
                    0.0,
                    0.0,
                    0.0,
                    1.0
                ]
            ],
            "fl_x": 819.2,
            "fl_y": 819.2,
            "cx": 512.0,
            "cy": 537.0
        },
        {
            "file_path": "images/069.jpg",
            "mask_path": "mask/069.png",
            "depth_file_path": "depth/069.png",
            "transform_matrix": [
                [
                    -0.872793171908902,
                    -0.06792903177666028,
                    0.48334017597452333,
                    0.966680351949047
                ],
                [
                    2.8028345547787495e-17,
                    0.9902680687415704,
                    0.13917310096006547,
                    1.128346201920131
                ],
                [
                    -0.4880902366050747,
                    0.1214693322313334,
                    -0.8642992087570579,
                    -1.7285984175141162
                ],
                [
                    0.0,
                    0.0,
                    0.0,
                    1.0
                ]
            ],
            "fl_x": 819.2,
            "fl_y": 819.2,
            "cx": 512.0,
            "cy": 537.0
        },
        {
            "file_path": "images/071.jpg",
            "mask_path": "mask/071.png",
            "depth_file_path": "depth/071.png",
            "transform_matrix": [
                [
                    -0.9384017747001449,
                    -0.04809072266732126,
                    0.3421832719946337,
                    0.6843665439892676
                ],
                [
                    -1.4014172773893747e-17,
                    0.9902680687415704,
                    0.13917310096006544,
                    1.1283462019201307
                ],
                [
                    -0.34554610291481896,
                    0.13060028493144782,
                    -0.9292693131359746,
                    -1.8585386262719497
                ],
                [
                    0.0,
                    0.0,
                    0.0,
                    1.0
                ]
            ],
            "fl_x": 819.2,
            "fl_y": 819.2,
            "cx": 512.0,
            "cy": 537.0
        },
        {
            "file_path": "images/074.jpg",
            "mask_path": "mask/074.png",
            "depth_file_path": "depth/074.png",
            "transform_matrix": [
                [
                    -0.9931397946901581,
                    -0.01627394113638315,
                    0.11579510802568355,
                    0.23159021605136706
                ],
                [
                    -3.503543193473436e-18,
                    0.9902680687415701,
                    0.1391731009600654,
                    1.1283462019201307
                ],
                [
                    -0.11693309284710716,
                    0.13821834491387203,
                    -0.9834746264782226,
                    -1.9669492529564452
                ],
                [
                    0.0,
                    0.0,
                    0.0,
                    1.0
                ]
            ],
            "fl_x": 819.2,
            "fl_y": 819.2,
            "cx": 512.0,
            "cy": 537.0
        },
        {
            "file_path": "images/076.jpg",
            "mask_path": "mask/076.png",
            "depth_file_path": "depth/076.png",
            "transform_matrix": [
                [
                    -0.9992049616215551,
                    0.005548530929410461,
                    -0.039479848978839514,
                    -0.07895969795767903
                ],
                [
                    1.751771596736718e-18,
                    0.9902680687415701,
                    0.13917310096006544,
                    1.1283462019201307
                ],
                [
                    0.03986784005770315,
                    0.139062453003555,
                    -0.9894807676219722,
                    -1.9789615352439445
                ],
                [
                    0.0,
                    0.0,
                    0.0,
                    1.0
                ]
            ],
            "fl_x": 819.2,
            "fl_y": 819.2,
            "cx": 512.0,
            "cy": 537.0
        },
        {
            "file_path": "images/079.jpg",
            "mask_path": "mask/079.png",
            "depth_file_path": "depth/079.png",
            "transform_matrix": [
                [
                    -0.9622898865644954,
                    0.037858709518264554,
                    -0.2693787154347984,
                    -0.5387574308695967
                ],
                [
                    -7.007086386946872e-18,
                    0.9902680687415701,
                    0.13917310096006547,
                    1.128346201920131
                ],
                [
                    0.2720260542957061,
                    0.13392486753569047,
                    -0.9529249475377677,
                    -1.9058498950755354
                ],
                [
                    0.0,
                    0.0,
                    0.0,
                    1.0
                ]
            ],
            "fl_x": 819.2,
            "fl_y": 819.2,
            "cx": 512.0,
            "cy": 537.0
        }
    ]
}