{
    "default_fov": 75.0,
    "default_transition_sec": 0.4,
    "keyframes": [
        {
            "matrix": [
                0.7982896625947211,
                -0.08382029917559997,
                0.5964124177450696,
                0.5580584526062016,
                0.6022737040535691,
                0.11110047674671499,
                -0.7905207584069168,
                -0.7396840572357176,
                -1.7474948321716255e-08,
                0.9902680654816481,
                0.13917312415561467,
                0.06591545343399066,
                0.0,
                0.0,
                0.0,
                1.0
            ],
            "fov": 75.0,
            "aspect": 1.7777777777777777,
            "override_transition_enabled": false,
            "override_transition_sec": null
        },
        {
            "matrix": [
                0.6942450326668363,
                -0.10016826980954985,
                0.7127342789152101,
                0.6668999195098885,
                0.7197387266344804,
                0.0966202219189517,
                -0.6874886894334402,
                -0.6432777404785155,
                8.336151102739109e-09,
                0.9902680699889772,
                0.1391730920843041,
                0.0659154534339906,
                0.0,
                0.0,
                0.0,
                1.0
            ],
            "fov": 75.0,
            "aspect": 1.7777777777777777,
            "override_transition_enabled": false,
            "override_transition_sec": null
        },
        {
            "matrix": [
                0.5731057592197092,
                -0.11404977083942747,
                0.8115062775608547,
                0.7593200683593747,
                0.8194814145233553,
                0.07976085768734195,
                -0.5675283401133204,
                -0.5310318470001226,
                4.041788870257079e-08,
                0.9902680724694977,
                0.1391730744344777,
                0.0659154534339903,
                0.0,
                0.0,
                0.0,
                1.0
            ],
            "fov": 75.0,
            "aspect": 1.7777777777777777,
            "override_transition_enabled": false,
            "override_transition_sec": null
        },
        {
            "matrix": [
                0.4378547295485541,
                -0.12512299446512726,
                0.8902962833057558,
                0.8330432891845699,
                0.8990457362181097,
                0.06093760370273582,
                -0.4335935569666666,
                -0.4057101249694822,
                2.1383500525828936e-09,
                0.9902680670965052,
                0.13917311266531296,
                0.06591545343399077,
                0.0,
                0.0,
                0.0,
                1.0
            ],
            "fov": 75.0,
            "aspect": 1.7777777777777777,
            "override_transition_enabled": false,
            "override_transition_sec": null
        },
        {
            "matrix": [
                0.2918222924638545,
                -0.13311524040446598,
                0.94716423200689,
                0.8862542152404782,
                0.9564725556026898,
                0.04061380517505886,
                -0.28898229912584916,
                -0.2703984975814827,
                4.633260608510881e-09,
                0.9902680705754697,
                0.13917308791119204,
                0.06591545343399069,
                0.0,
                0.0,
                0.0,
                1.0
            ],
            "fov": 75.0,
            "aspect": 1.7777777777777777,
            "override_transition_enabled": false,
            "override_transition_sec": null
        },
        {
            "matrix": [
                0.13860421516727828,
                -0.1378297697952069,
                0.9807098582639329,
                0.9176424980163589,
                0.9903478538058545,
                0.01928995256216748,
                -0.13725533210876395,
                -0.1284287214279181,
                2.4184554303641193e-08,
                0.990268070922389,
                0.13917308544273138,
                0.0659154534339905,
                0.0,
                0.0,
                0.0,
                1.0
            ],
            "fov": 75.0,
            "aspect": 1.7777777777777777,
            "override_transition_enabled": false,
            "override_transition_sec": null
        },
        {
            "matrix": [
                -0.018026731876995883,
                -0.1391505241565526,
                0.9901071500422527,
                0.9264355659484881,
                0.9998375052666476,
                -0.0025088750380157787,
                0.017851291499782374,
                0.016703367233274834,
                3.85446357609176e-08,
                0.9902680632904408,
                0.13917313974685708,
                0.06591545343399041,
                0.0,
                0.0,
                0.0,
                1.0
            ],
            "fov": 75.0,
            "aspect": 1.7777777777777777,
            "override_transition_enabled": false,
            "override_transition_sec": null
        },
        {
            "matrix": [
                -0.17421385118519628,
                -0.13704489077309634,
                0.9751247263648954,
                0.9124165534973159,
                0.9847078419791435,
                -0.024245875110225912,
                0.172518414915386,
                0.16142416000366136,
                -1.499609031396787e-08,
                0.9902680624220541,
                0.13917314592575103,
                0.06591545343399095,
                0.0,
                0.0,
                0.0,
                1.0
            ],
            "fov": 75.0,
            "aspect": 1.7777777777777777,
            "override_transition_enabled": false,
            "override_transition_sec": null
        },
        {
            "matrix": [
                -0.32611126892168574,
                -0.1315647125379359,
                0.9361314900680879,
                0.8759308815002458,
                0.9453313917787179,
                -0.045385937081992345,
                0.32293757358489844,
                0.3021701574325558,
                1.587230619159996e-08,
                0.990268066298212,
                0.1391731183454621,
                0.06591545343399044,
                0.0,
                0.0,
                0.0,
                1.0
            ],
            "fov": 75.0,
            "aspect": 1.7777777777777777,
            "override_transition_enabled": false,
            "override_transition_sec": null
        },
        {
            "matrix": [
                -0.469978731505186,
                -0.12284500130595993,
                0.8740875800438509,
                0.8178769111633317,
                0.8826777395702108,
                -0.0654084027972136,
                0.4654049300455906,
                0.435475730895996,
                3.2762990098689215e-09,
                0.9902680679985881,
                0.13917310624665868,
                0.0659154534339906,
                0.0,
                0.0,
                0.0,
                1.0
            ],
            "fov": 75.0,
            "aspect": 1.7777777777777777,
            "override_transition_enabled": false,
            "override_transition_sec": null
        },
        {
            "matrix": [
                -0.6022737111486203,
                -0.11110047514062593,
                0.7905207532271343,
                0.7396840572357195,
                0.7982896572418239,
                -0.08382033310145609,
                0.5964124201418785,
                0.5580584526062011,
                9.601578920825915e-09,
                0.9902680627902166,
                0.13917314330614128,
                0.0659154534339908,
                0.0,
                0.0,
                0.0,
                1.0
            ],
            "fov": 75.0,
            "aspect": 1.7777777777777777,
            "override_transition_enabled": false,
            "override_transition_sec": null
        },
        {
            "matrix": [
                -0.7197387167379897,
                -0.09662026006177249,
                0.6874886944335505,
                0.6432777404785184,
                0.6942450429267407,
                -0.1001682681715993,
                0.71273426915166,
                0.6668999195098865,
                -1.8531408296773577e-08,
                0.9902680664330736,
                0.13917311738587146,
                0.06591545343399112,
                0.0,
                0.0,
                0.0,
                1.0
            ],
            "fov": 75.0,
            "aspect": 1.7777777777777777,
            "override_transition_enabled": false,
            "override_transition_sec": null
        },
        {
            "matrix": [
                -0.8194814026194555,
                -0.07976090596191895,
                0.5675283505173858,
                0.5310318470001215,
                0.573105776241044,
                -0.11404982456246315,
                0.8115062579896857,
                0.7593200683593777,
                3.4479707700096895e-08,
                0.9902680623939186,
                0.1391731461259441,
                0.06591545343399038,
                0.0,
                0.0,
                0.0,
                1.0
            ],
            "fov": 75.0,
            "aspect": 1.7777777777777777,
            "override_transition_enabled": false,
            "override_transition_sec": null
        },
        {
            "matrix": [
                -0.899045726710338,
                -0.06093760462168005,
                0.43359357655165087,
                0.4057101249694858,
                0.4378547490708312,
                -0.12512297916387216,
                0.8902962758549969,
                0.8330432891845705,
                -2.4097449868865084e-09,
                0.9902680689733104,
                0.13917309931114907,
                0.06591545343399,
                0.0,
                0.0,
                0.0,
                1.0
            ],
            "fov": 75.0,
            "aspect": 1.7777777777777777,
            "override_transition_enabled": false,
            "override_transition_sec": null
        },
        {
            "matrix": [
                -0.9564725584160423,
                -0.04061380305711837,
                0.28898229011188425,
                0.2703984975814863,
                0.2918222832428522,
                -0.1331152670909863,
                0.9471642310973449,
                0.8862542152404794,
                1.3188273778608206e-08,
                0.9902680670750388,
                0.13917311281805378,
                0.06591545343399059,
                0.0,
                0.0,
                0.0,
                1.0
            ],
            "fov": 75.0,
            "aspect": 1.7777777777777777,
            "override_transition_enabled": false,
            "override_transition_sec": null
        },
        {
            "matrix": [
                -0.990347856846315,
                -0.01928997258930055,
                0.13725530735609245,
                0.12842872142792267,
                0.1386041934427359,
                -0.13782979886113478,
                0.9807098572493232,
                0.917642498016359,
                5.141117143114826e-09,
                0.9902680664867486,
                0.13917311700395574,
                0.06591545343399137,
                0.0,
                0.0,
                0.0,
                1.0
            ],
            "fov": 75.0,
            "aspect": 1.7777777777777777,
            "override_transition_enabled": false,
            "override_transition_sec": null
        },
        {
            "matrix": [
                -0.9998375042968232,
                0.0025088448203874304,
                -0.01785135006568293,
                -0.016703370213504355,
                -0.018026785667454418,
                -0.13915046032087497,
                0.9901071580344162,
                0.9264355659484893,
                1.636074303812407e-09,
                0.9902680723370597,
                0.13917307537682766,
                0.06591545343399134,
                0.0,
                0.0,
                0.0,
                1.0
            ],
            "fov": 75.0,
            "aspect": 1.7777777777777777,
            "override_transition_enabled": false,
            "override_transition_sec": null
        },
        {
            "matrix": [
                -0.984707836046409,
                0.024245886684261087,
                -0.1725184471518728,
                -0.1614241600036592,
                -0.1742138847187547,
                -0.13704482902398207,
                0.9751247290521293,
                0.9124165534973161,
                2.5902074651806828e-09,
                0.9902680706842376,
                0.13917308713727072,
                0.0659154534339908,
                0.0,
                0.0,
                0.0,
                1.0
            ],
            "fov": 75.0,
            "aspect": 1.7777777777777777,
            "override_transition_enabled": false,
            "override_transition_sec": null
        },
        {
            "matrix": [
                -0.9453313899838135,
                0.045385924386500465,
                -0.32293758062333655,
                -0.30217015743255404,
                -0.3261112741247549,
                -0.1315647517105939,
                0.9361314827501844,
                0.875930881500245,
                -9.920806731678056e-09,
                0.9902680616756822,
                0.13917315123646246,
                0.06591545343399026,
                0.0,
                0.0,
                0.0,
                1.0
            ],
            "fov": 75.0,
            "aspect": 1.7777777777777777,
            "override_transition_enabled": false,
            "override_transition_sec": null
        },
        {
            "matrix": [
                -0.8826777491549535,
                0.06540840897809341,
                -0.4654049109986907,
                -0.4354757308959886,
                -0.46997871350386144,
                -0.12284504171317367,
                0.8740875840439238,
                0.8178769111633353,
                -7.52533146908263e-09,
                0.9902680625777259,
                0.1391731448180894,
                0.06591545343399062,
                0.0,
                0.0,
                0.0,
                1.0
            ],
            "fov": 75.0,
            "aspect": 1.7777777777777777,
            "override_transition_enabled": false,
            "override_transition_sec": null
        },
        {
            "matrix": [
                -0.7982896625947213,
                0.08382029917560002,
                -0.5964124177450685,
                -0.558058452606199,
                -0.602273704053568,
                -0.11110047674671542,
                0.790520758406917,
                0.7396840572357201,
                -1.747494848824971e-08,
                0.9902680654816477,
                0.13917312415561556,
                0.06591545343399097,
                0.0,
                0.0,
                0.0,
                1.0
            ],
            "fov": 75.0,
            "aspect": 1.7777777777777777,
            "override_transition_enabled": false,
            "override_transition_sec": null
        },
        {
            "matrix": [
                -0.6942450326668376,
                0.10016826980954974,
                -0.7127342789152096,
                -0.6668999195098849,
                -0.7197387266344797,
                -0.09662022191895214,
                0.6874886894334412,
                0.6432777404785179,
                8.336150936205655e-09,
                0.9902680699889773,
                0.13917309208430395,
                0.06591545343399151,
                0.0,
                0.0,
                0.0,
                1.0
            ],
            "fov": 75.0,
            "aspect": 1.7777777777777777,
            "override_transition_enabled": false,
            "override_transition_sec": null
        },
        {
            "matrix": [
                -0.5731057592197092,
                0.11404977083942747,
                -0.8115062775608548,
                -0.7593200683593794,
                -0.8194814145233554,
                -0.0797608576873422,
                0.56752834011332,
                0.5310318470001236,
                4.0417888758081943e-08,
                0.9902680724694974,
                0.13917307443447768,
                0.0659154534339885,
                0.0,
                0.0,
                0.0,
                1.0
            ],
            "fov": 75.0,
            "aspect": 1.7777777777777777,
            "override_transition_enabled": false,
            "override_transition_sec": null
        },
        {
            "matrix": [
                -0.4378547295485544,
                0.12512299446512698,
                -0.8902962833057557,
                -0.8330432891845705,
                -0.8990457362181096,
                -0.06093760370273604,
                0.43359355696666657,
                0.4057101249694832,
                2.138350108094045e-09,
                0.9902680670965051,
                0.13917311266531285,
                0.06591545343398925,
                0.0,
                0.0,
                0.0,
                1.0
            ],
            "fov": 75.0,
            "aspect": 1.7777777777777777,
            "override_transition_enabled": false,
            "override_transition_sec": null
        },
        {
            "matrix": [
                -0.29182229246385494,
                0.13311524040446593,
                -0.9471642320068903,
                -0.8862542152404858,
                -0.9564725556026898,
                -0.04061380517505919,
                0.28898229912584955,
                0.2703984975814891,
                4.633260497488578e-09,
                0.9902680705754701,
                0.13917308791119198,
                0.06591545343399033,
                0.0,
                0.0,
                0.0,
                1.0
            ],
            "fov": 75.0,
            "aspect": 1.7777777777777777,
            "override_transition_enabled": false,
            "override_transition_sec": null
        },
        {
            "matrix": [
                -0.1386042151672784,
                0.13782976979520672,
                -0.9807098582639329,
                -0.9176424980163619,
                -0.9903478538058548,
                -0.0192899525621677,
                0.13725533210876406,
                0.12842872142792497,
                2.418455424813004e-08,
                0.9902680709223891,
                0.13917308544273105,
                0.06591545343399036,
                0.0,
                0.0,
                0.0,
                1.0
            ],
            "fov": 75.0,
            "aspect": 1.7777777777777777,
            "override_transition_enabled": false,
            "override_transition_sec": null
        },
        {
            "matrix": [
                0.018026731876995994,
                0.13915052415655238,
                -0.9901071500422527,
                -0.9264355659484893,
                -0.9998375052666476,
                0.0025088750380153346,
                -0.017851291499782762,
                -0.01670336723327645,
                3.854463537233954e-08,
                0.9902680632904408,
                0.13917313974685674,
                0.06591545343398826,
                0.0,
                0.0,
                0.0,
                1.0
            ],
            "fov": 75.0,
            "aspect": 1.7777777777777777,
            "override_transition_enabled": false,
            "override_transition_sec": null
        },
        {
            "matrix": [
                0.1742138511851966,
                0.13704489077309662,
                -0.9751247263648956,
                -0.9124165534973232,
                -0.9847078419791437,
                0.0242458751102258,
                -0.17251841491538633,
                -0.16142416000366427,
                -1.499609036947902e-08,
                0.9902680624220542,
                0.13917314592575097,
                0.06591545343399291,
                0.0,
                0.0,
                0.0,
                1.0
            ],
            "fov": 75.0,
            "aspect": 1.7777777777777777,
            "override_transition_enabled": false,
            "override_transition_sec": null
        },
        {
            "matrix": [
                0.3261112689216856,
                0.13156471253793628,
                -0.9361314900680879,
                -0.87593088150025,
                -0.945331391778718,
                0.045385937081992234,
                -0.3229375735848986,
                -0.3021701574325605,
                1.5872306302622263e-08,
                0.9902680662982121,
                0.1391731183454623,
                0.06591545343398975,
                0.0,
                0.0,
                0.0,
                1.0
            ],
            "fov": 75.0,
            "aspect": 1.7777777777777777,
            "override_transition_enabled": false,
            "override_transition_sec": null
        },
        {
            "matrix": [
                0.46997873150518604,
                0.12284500130595982,
                -0.8740875800438508,
                -0.8178769111633188,
                -0.8826777395702106,
                0.065408402797213,
                -0.4654049300455909,
                -0.43547573089598907,
                3.2762987878243166e-09,
                0.9902680679985882,
                0.13917310624665843,
                0.06591545343398837,
                0.0,
                0.0,
                0.0,
                1.0
            ],
            "fov": 75.0,
            "aspect": 1.7777777777777777,
            "override_transition_enabled": false,
            "override_transition_sec": null
        },
        {
            "matrix": [
                0.6022737111486205,
                0.11110047514062599,
                -0.7905207532271339,
                -0.7396840572357066,
                -0.7982896572418234,
                0.08382033310145565,
                -0.596412420141879,
                -0.5580584526061985,
                9.601578587759008e-09,
                0.9902680627902165,
                0.1391731433061413,
                0.06591545343399088,
                0.0,
                0.0,
                0.0,
                1.0
            ],
            "fov": 75.0,
            "aspect": 1.7777777777777777,
            "override_transition_enabled": false,
            "override_transition_sec": null
        },
        {
            "matrix": [
                0.7197387167379901,
                0.09662026006177232,
                -0.6874886944335499,
                -0.6432777404785216,
                -0.6942450429267399,
                0.10016826817159871,
                -0.7127342691516605,
                -0.6668999195098936,
                -1.8531408518818182e-08,
                0.9902680664330736,
                0.13917311738587118,
                0.0659154534339927,
                0.0,
                0.0,
                0.0,
                1.0
            ],
            "fov": 75.0,
            "aspect": 1.7777777777777777,
            "override_transition_enabled": false,
            "override_transition_sec": null
        },
        {
            "matrix": [
                0.8194814026194548,
                0.07976090596191887,
                -0.567528350517386,
                -0.5310318470001365,
                -0.5731057762410442,
                0.11404982456246315,
                -0.811506257989685,
                -0.7593200683593923,
                3.44797079221415e-08,
                0.9902680623939182,
                0.13917314612594453,
                0.06591545343399166,
                0.0,
                0.0,
                0.0,
                1.0
            ],
            "fov": 75.0,
            "aspect": 1.7777777777777777,
            "override_transition_enabled": false,
            "override_transition_sec": null
        },
        {
            "matrix": [
                0.8990457267103384,
                0.06093760462167977,
                -0.4335935765516497,
                -0.405710124969494,
                -0.43785474907083,
                0.12512297916387183,
                -0.8902962758549977,
                -0.8330432891845932,
                -2.409745014642084e-09,
                0.9902680689733105,
                0.1391730993111487,
                0.06591545343399348,
                0.0,
                0.0,
                0.0,
                1.0
            ],
            "fov": 75.0,
            "aspect": 1.7777777777777777,
            "override_transition_enabled": false,
            "override_transition_sec": null
        },
        {
            "matrix": [
                0.9564725584160421,
                0.040613803057118286,
                -0.2889822901118832,
                -0.2703984975814913,
                -0.2918222832428512,
                0.13311526709098623,
                -0.9471642310973452,
                -0.8862542152405043,
                1.3188273806363782e-08,
                0.9902680670750388,
                0.13917311281805408,
                0.06591545343399349,
                0.0,
                0.0,
                0.0,
                1.0
            ],
            "fov": 75.0,
            "aspect": 1.7777777777777777,
            "override_transition_enabled": false,
            "override_transition_sec": null
        },
        {
            "matrix": [
                0.9903478568463149,
                0.019289972589300326,
                -0.13725530735609145,
                -0.1284287214279176,
                -0.13860419344273486,
                0.1378297988611344,
                -0.9807098572493234,
                -0.9176424980163718,
                5.141117170870402e-09,
                0.9902680664867485,
                0.13917311700395552,
                0.06591545343399174,
                0.0,
                0.0,
                0.0,
                1.0
            ],
            "fov": 75.0,
            "aspect": 1.7777777777777777,
            "override_transition_enabled": false,
            "override_transition_sec": null
        },
        {
            "matrix": [
                0.9998375043136118,
                -0.0025088438890860237,
                0.017851349256247758,
                0.016703364253049892,
                0.018026784736284534,
                0.1391504603304383,
                -0.9901071580500258,
                -0.9264355659484951,
                8.264878330332959e-10,
                0.9902680723380752,
                0.13917307536960116,
                0.06591545343399603,
                0.0,
                0.0,
                0.0,
                1.0
            ],
            "fov": 75.0,
            "aspect": 1.7777777777777777,
            "override_transition_enabled": false,
            "override_transition_sec": null
        },
        {
            "matrix": [
                0.9847078360464084,
                -0.024245886684261142,
                0.17251844715187348,
                0.16142416000366916,
                0.17421388471875537,
                0.13704482902398146,
                -0.9751247290521293,
                -0.912416553497326,
                2.5902074235473194e-09,
                0.9902680706842376,
                0.13917308713727067,
                0.06591545343399142,
                0.0,
                0.0,
                0.0,
                1.0
            ],
            "fov": 75.0,
            "aspect": 1.7777777777777777,
            "override_transition_enabled": false,
            "override_transition_sec": null
        },
        {
            "matrix": [
                0.9453313899838135,
                -0.04538592438650049,
                0.3229375806233368,
                0.302170157432559,
                0.32611127412475505,
                0.13156475171059362,
                -0.9361314827501845,
                -0.8759308815002557,
                -9.92080670392248e-09,
                0.9902680616756823,
                0.13917315123646223,
                0.06591545343399144,
                0.0,
                0.0,
                0.0,
                1.0
            ],
            "fov": 75.0,
            "aspect": 1.7777777777777777,
            "override_transition_enabled": false,
            "override_transition_sec": null
        },
        {
            "matrix": [
                0.8826777491549529,
                -0.06540840897809366,
                0.4654049109986922,
                0.43547573089602454,
                0.469978713503863,
                0.12284504171317363,
                -0.8740875840439236,
                -0.817876911163353,
                -7.525331635616084e-09,
                0.9902680625777264,
                0.13917314481808932,
                0.06591545343399355,
                0.0,
                0.0,
                0.0,
                1.0
            ],
            "fov": 75.0,
            "aspect": 1.7777777777777777,
            "override_transition_enabled": false,
            "override_transition_sec": null
        }
    ],
    "camera_type": "perspective",
    "render_height": 1280.0,
    "render_width": 1280.0,
    "fps": 30.0,
    "seconds": 16.000000000000007,
    "is_cycle": true,
    "smoothness_value": 0.0,
    "camera_path": [
        {
            "camera_to_world": [
                0.7982896625947211,
                -0.08382029917559997,
                0.5964124177450696,
                0.5580584526062016,
                0.6022737040535691,
                0.11110047674671499,
                -0.7905207584069168,
                -0.7396840572357176,
                -1.7474948321716255e-08,
                0.9902680654816481,
                0.13917312415561467,
                0.06591545343399066,
                0.0,
                0.0,
                0.0,
                1.0
            ],
            "fov": 75.0,
            "aspect": 1.7777777777777777
        },
        {
            "camera_to_world": [
                0.7933909988641458,
                -0.08471638505702067,
                0.6027884015342563,
                0.5639309769910241,
                0.6087123482576584,
                0.11041871290870627,
                -0.7856697683621484,
                -0.7350627342583951,
                -1.6829481030988802e-08,
                0.9902680656986044,
                0.13917312261189085,
                0.0659154534339906,
                0.0,
                0.0,
                0.0,
                1.0
            ],
            "fov": 75.0,
            "aspect": 1.7777777777777777
        },
        {
            "camera_to_world": [
                0.786760020216896,
                -0.08590584870279327,
                0.6112518758637573,
                0.571652376817332,
                0.6172589979808387,
                0.10949585653017604,
                -0.7791033222971223,
                -0.7286982673185834,
                -1.557427864451455e-08,
                0.9902680660111057,
                0.1391731203883274,
                0.06591545343399056,
                0.0,
                0.0,
                0.0,
                1.0
            ],
            "fov": 75.0,
            "aspect": 1.7777777777777777
        },
        {
            "camera_to_world": [
                0.778669985021374,
                -0.08732189422255476,
                0.6213275635413242,
                0.5808424038812514,
                0.627433705204632,
                0.10836993799718783,
                -0.7710920192244715,
                -0.7209274612367144,
                -1.3798341635951061e-08,
                0.9902680663981196,
                0.13917311763458196,
                0.06591545343399055,
                0.0,
                0.0,
                0.0,
                1.0
            ],
            "fov": 75.0,
            "aspect": 1.7777777777777777
        },
        {
            "camera_to_world": [
                0.7694042336555738,
                -0.08889851346916167,
                0.6325457924418219,
                0.5911208099789085,
                0.6387621820622125,
                0.10708039084043444,
                -0.7619164420489827,
                -0.7120871208332192,
                -1.1593275395238578e-08,
                0.9902680668386884,
                0.1391731144997725,
                0.06591545343399055,
                0.0,
                0.0,
                0.0,
                1.0
            ],
            "fov": 75.0,
            "aspect": 1.7777777777777777
        },
        {
            "camera_to_world": [
                0.7592642430653819,
                -0.09057141270692037,
                0.6444490890695909,
                0.6021073469064298,
                0.6507824591999639,
                0.10566917271341358,
                -0.7518751337394463,
                -0.7025140509285299,
                -9.055910354938135e-09,
                0.9902680673122484,
                0.13917311113021955,
                0.06591545343399054,
                0.0,
                0.0,
                0.0,
                1.0
            ],
            "fov": 75.0,
            "aspect": 1.7777777777777777
        },
        {
            "camera_to_world": [
                0.7485749550838762,
                -0.09227874894708643,
                0.6565974178398308,
                0.6134217664599416,
                0.6630501765486325,
                0.10418150695122205,
                -0.7412898737931065,
                -0.6925450563430776,
                -6.290063303548976e-09,
                0.990268067798883,
                0.13917310766763416,
                0.06591545343399055,
                0.0,
                0.0,
                0.0,
                1.0
            ],
            "fov": 75.0,
            "aspect": 1.7777777777777777
        },
        {
            "camera_to_world": [
                0.7376874760179544,
                -0.0939616536502828,
                0.6685719074038068,
                0.6246838204355705,
                0.6751423462694812,
                0.1026662582802706,
                -0.7305083515501164,
                -0.6825169418972944,
                -3.407461146576196e-09,
                0.9902680682795103,
                0.13917310424779258,
                0.06591545343399055,
                0.0,
                0.0,
                0.0,
                1.0
            ],
            "fov": 75.0,
            "aspect": 1.7777777777777777
        },
        {
            "camera_to_world": [
                0.7269793110740299,
                -0.09556451254732934,
                0.6799768416732441,
                0.6355132606294422,
                0.686659363345705,
                0.10117596544377977,
                -0.719904398337856,
                -0.6727665124116115,
                -5.27867138888638e-10,
                0.9902680687359916,
                0.13917310099976063,
                0.06591545343399058,
                0.0,
                0.0,
                0.0,
                1.0
            ],
            "fov": 75.0,
            "aspect": 1.7777777777777777
        },
        {
            "camera_to_world": [
                0.7168523401717164,
                -0.09703496703424869,
                0.6904396697489188,
                0.6455298388376837,
                0.6972250156085436,
                0.09976655948921859,
                -0.7098759829838945,
                -0.6636305727064605,
                2.2215251305190975e-09,
                0.9902680691511498,
                0.13917309804575567,
                0.06591545343399059,
                0.0,
                0.0,
                0.0,
                1.0
            ],
            "fov": 75.0,
            "aspect": 1.7777777777777777
        },
        {
            "camera_to_world": [
                0.707728756604039,
                -0.09832360443517585,
                0.699608802036235,
                0.6543533068564209,
                0.7064842581938403,
                0.09849679853883356,
                -0.7008411900009157,
                -0.6554459276022733,
                4.707370215850659e-09,
                0.9902680695086941,
                0.13917309550169701,
                0.0659154534339906,
                0.0,
                0.0,
                0.0,
                1.0
            ],
            "fov": 75.0,
            "aspect": 1.7777777777777777
        },
        {
            "camera_to_world": [
                0.700045171683802,
                -0.09938331076230045,
                0.7071490049092344,
                0.6616034164817804,
                0.714098562946458,
                0.09742744731494343,
                -0.6932323816062677,
                -0.6485493819194811,
                6.792056084226061e-09,
                0.9902680697930325,
                0.13917309347852408,
                0.0659154534339906,
                0.0,
                0.0,
                0.0,
                1.0
            ],
            "fov": 75.0,
            "aspect": 1.7777777777777777
        },
        {
            "camera_to_world": [
                0.6942450326668363,
                -0.10016826980954985,
                0.7127342789152101,
                0.6668999195098885,
                0.7197387266344804,
                0.0966202219189517,
                -0.6874886894334402,
                -0.6432777404785155,
                8.336151102739109e-09,
                0.9902680699889772,
                0.1391730920843041,
                0.0659154534339906,
                0.0,
                0.0,
                0.0,
                1.0
            ],
            "fov": 75.0,
            "aspect": 1.7777777777777777
        },
        {
            "camera_to_world": [
                0.6883994527673267,
                -0.10094667269536484,
                0.7182729026640085,
                0.6719772080925336,
                0.7253317816211041,
                0.09580667236777704,
                -0.6816999986065488,
                -0.6377946508979354,
                9.979582993313585e-09,
                0.9902680701716826,
                0.1391730907842877,
                0.06591545343399059,
                0.0,
                0.0,
                0.0,
                1.0
            ],
            "fov": 75.0,
            "aspect": 1.7777777777777777
        },
        {
            "camera_to_world": [
                0.6805131202494812,
                -0.10197712642481471,
                0.7256049606049096,
                0.6786079207504245,
                0.7327358959190651,
                0.09470910412694783,
                -0.6738904157406871,
                -0.6303006520977725,
                1.2353498779482663e-08,
                0.9902680704140714,
                0.13917308905960069,
                0.06591545343399056,
                0.0,
                0.0,
                0.0,
