{
    "w": 1024,
    "h": 1024,
    "k1": 0,
    "k2": 0,
    "p1": 0,
    "p2": 0,
    "camera_model": "OPENCV",
    "frames": [
        {
            "file_path": "images/000.jpg",
            "mask_path": "mask/000.png",
            "depth_file_path": "depth/000.png",
            "transform_matrix": [
                [
                    -0.9959619633873615,
                    0.012494433230909758,
                    -0.08890251190956638,
                    -0.17780502381913274
                ],
                [
                    -3.503543193473437e-18,
                    0.9902680687415704,
                    0.1391731009600655,
                    1.1283462019201307
                ],
                [
                    0.08977620779244497,
                    0.13861111488289427,
                    -0.986269330023665,
                    -1.9725386600473298
                ],
                [
                    0.0,
                    0.0,
                    0.0,
                    1.0
                ]
            ],
            "fl_x": 819.2,
            "fl_y": 819.2,
            "cx": 512.0,
            "cy": 537.0
        },
        {
            "file_path": "images/001.jpg",
            "mask_path": "mask/001.png",
            "depth_file_path": "depth/001.png",
            "transform_matrix": [
                [
                    -0.985847984958469,
                    0.023331219794605455,
                    -0.16601025491282675,
                    -0.3320205098256535
                ],
                [
                    -7.007086386946872e-18,
                    0.9902680687415701,
                    0.1391731009600655,
                    1.128346201920131
                ],
                [
                    0.16764173273181687,
                    0.13720352114190212,
                    -0.9762537801375919,
                    -1.9525075602751838
                ],
                [
                    0.0,
                    0.0,
                    0.0,
                    1.0
                ]
            ],
            "fl_x": 819.2,
            "fl_y": 819.2,
            "cx": 512.0,
            "cy": 537.0
        },
        {
            "file_path": "images/002.jpg",
            "mask_path": "mask/002.png",
            "depth_file_path": "depth/002.png",
            "transform_matrix": [
                [
                    -0.9696559258745864,
                    0.03402416162984954,
                    -0.24209448949053797,
                    -0.48418897898107593
                ],
                [
                    7.007086386946872e-18,
                    0.9902680687415701,
                    0.13917310096006547,
                    1.128346201920131
                ],
                [
                    0.24447369064236404,
                    0.13495002206826956,
                    -0.960219301059646,
                    -1.920438602119292
                ],
                [
                    0.0,
                    0.0,
                    0.0,
                    1.0
                ]
            ],
            "fl_x": 819.2,
            "fl_y": 819.2,
            "cx": 512.0,
            "cy": 537.0
        },
        {
            "file_path": "images/003.jpg",
            "mask_path": "mask/003.png",
            "depth_file_path": "depth/003.png",
            "transform_matrix": [
                [
                    -0.9474856155643716,
                    0.044507333194463754,
                    -0.31668613103595306,
                    -0.633372262071906
                ],
                [
                    -1.4014172773893747e-17,
                    0.9902680687415704,
                    0.1391731009600655,
                    1.128346201920131
                ],
                [
                    0.3197983869543495,
                    0.13186451123315004,
                    -0.9382647506853482,
                    -1.8765295013706962
                ],
                [
                    0.0,
                    0.0,
                    0.0,
                    1.0
                ]
            ],
            "fl_x": 819.2,
            "fl_y": 819.2,
            "cx": 512.0,
            "cy": 537.0
        },
        {
            "file_path": "images/004.jpg",
            "mask_path": "mask/004.png",
            "depth_file_path": "depth/004.png",
            "transform_matrix": [
                [
                    -0.919473741363263,
                    0.05471610224974395,
                    -0.3893252972747066,
                    -0.7786505945494131
                ],
                [
                    -1.4014172773893747e-17,
                    0.9902680687415704,
                    0.13917310096006547,
                    1.1283462019201307
                ],
                [
                    0.3931514198670064,
                    0.12796601183687853,
                    -0.9105254861183848,
                    -1.8210509722367694
                ],
                [
                    0.0,
                    0.0,
                    0.0,
                    1.0
                ]
            ],
            "fl_x": 819.2,
            "fl_y": 819.2,
            "cx": 512.0,
            "cy": 537.0
        },
        {
            "file_path": "images/005.jpg",
            "mask_path": "mask/005.png",
            "depth_file_path": "depth/005.png",
            "transform_matrix": [
                [
                    -0.8857930057906044,
                    0.06458752833970414,
                    -0.4595641435919628,
                    -0.9191282871839257
                ],
                [
                    -1.4014172773893747e-17,
                    0.9902680687415704,
                    0.1391731009600655,
                    1.1283462019201307
                ],
                [
                    0.46408054354006945,
                    0.12327855942461563,
                    -0.8771725291490524,
                    -1.7543450582981048
                ],
                [
                    0.0,
                    0.0,
                    0.0,
                    1.0
                ]
            ],
            "fl_x": 819.2,
            "fl_y": 819.2,
            "cx": 512.0,
            "cy": 537.0
        },
        {
            "file_path": "images/006.jpg",
            "mask_path": "mask/006.png",
            "depth_file_path": "depth/006.png",
            "transform_matrix": [
                [
                    -0.8466510617811819,
                    0.07406075083991742,
                    -0.5269696241433893,
                    -1.0539392482867787
                ],
                [
                    -1.4014172773893747e-17,
                    0.9902680687415704,
                    0.13917310096006547,
                    1.128346201920131
                ],
                [
                    0.5321484563397674,
                    0.11783105369921905,
                    -0.838411511848051,
                    -1.676823023696102
                ],
                [
                    0.0,
                    0.0,
                    0.0,
                    1.0
                ]
            ],
            "fl_x": 819.2,
            "fl_y": 819.2,
            "cx": 512.0,
            "cy": 537.0
        },
        {
            "file_path": "images/007.jpg",
            "mask_path": "mask/007.png",
            "depth_file_path": "depth/007.png",
            "transform_matrix": [
                [
                    -0.8022892324358308,
                    0.08307736418350387,
                    -0.5911261617267897,
                    -1.1822523234535796
                ],
                [
                    1.4014172773893747e-17,
                    0.9902680687415704,
                    0.1391731009600655,
                    1.128346201920131
                ],
                [
                    0.596935496948812,
                    0.11165708034496533,
                    -0.7944814087763872,
                    -1.5889628175527748
                ],
                [
                    0.0,
                    0.0,
                    0.0,
                    1.0
                ]
            ],
            "fl_x": 819.2,
            "fl_y": 819.2,
            "cx": 512.0,
            "cy": 537.0
        },
        {
            "file_path": "images/008.jpg",
            "mask_path": "mask/008.png",
            "depth_file_path": "depth/008.png",
            "transform_matrix": [
                [
                    -0.7529810231842706,
                    0.09158177795087202,
                    -0.6516382099537485,
                    -1.3032764199074973
                ],
                [
                    -1.4014172773893744e-17,
                    0.9902680687415701,
                    0.13917310096006544,
                    1.128346201920131
                ],
                [
                    0.6580422317179716,
                    0.10479470396063788,
                    -0.7456530636277394,
                    -1.491306127255479
                ],
                [
                    0.0,
                    0.0,
                    0.0,
                    1.0
                ]
            ],
            "fl_x": 819.2,
            "fl_y": 819.2,
            "cx": 512.0,
            "cy": 537.0
        },
        {
            "file_path": "images/009.jpg",
            "mask_path": "mask/009.png",
            "depth_file_path": "depth/009.png",
            "transform_matrix": [
                [
                    -0.6990304355331807,
                    0.0995215596031416,
                    -0.7081326919246489,
                    -1.4162653838492978
                ],
                [
                    0.0,
                    0.9902680687415704,
                    0.13917310096006547,
                    1.1283462019201311
                ],
                [
                    0.7150919173073427,
                    0.09728623337861789,
                    -0.6922275193870217,
                    -1.3844550387740433
                ],
                [
                    0.0,
                    0.0,
                    0.0,
                    1.0
                ]
            ],
            "fl_x": 819.2,
            "fl_y": 819.2,
            "cx": 512.0,
            "cy": 537.0
        },
        {
            "file_path": "images/010.jpg",
            "mask_path": "mask/010.png",
            "depth_file_path": "depth/010.png",
            "transform_matrix": [
                [
                    -0.6407700927958209,
                    0.10684775774618094,
                    -0.7602613003718185,
                    -1.5205226007436377
                ],
                [
                    0.0,
                    0.9902680687415704,
                    0.13917310096006547,
                    1.128346201920131
                ],
                [
                    0.7677328234343216,
                    0.08917796081686327,
                    -0.6345341623002742,
                    -1.2690683246005487
                ],
                [
                    0.0,
                    0.0,
                    0.0,
                    1.0
                ]
            ],
            "fl_x": 819.2,
            "fl_y": 819.2,
            "cx": 512.0,
            "cy": 537.0
        },
        {
            "file_path": "images/011.jpg",
            "mask_path": "mask/011.png",
            "depth_file_path": "depth/011.png",
            "transform_matrix": [
                [
                    -0.5785591893586962,
                    0.11351520393223019,
                    -0.8077026450896594,
                    -1.6154052901793197
                ],
                [
                    0.0,
                    0.9902680687415704,
                    0.13917310096006547,
                    1.128346201920131
                ],
                [
                    0.8156404014077578,
                    0.08051987647199146,
                    -0.5729286910989246,
                    -1.1458573821978495
                ],
                [
                    0.0,
                    0.0,
                    0.0,
                    1.0
                ]
            ],
            "fl_x": 819.2,
            "fl_y": 819.2,
            "cx": 512.0,
            "cy": 537.0
        },
        {
            "file_path": "images/012.jpg",
            "mask_path": "mask/012.png",
            "depth_file_path": "depth/012.png",
            "transform_matrix": [
                [
                    -0.5127812761287226,
                    0.1194827911384014,
                    -0.8501642344121375,
                    -1.700328468824275
                ],
                [
                    1.1798398846964672e-17,
                    0.9902680687415704,
                    0.1391731009600655,
                    1.1283462019201311
                ],
                [
                    0.8585192850785581,
                    0.07136536031309391,
                    -0.507790923998828,
                    -1.0155818479976557
                ],
                [
                    0.0,
                    0.0,
                    0.0,
                    1.0
                ]
            ],
            "fl_x": 819.2,
            "fl_y": 819.2,
            "cx": 512.0,
            "cy": 537.0
        },
        {
            "file_path": "images/013.jpg",
            "mask_path": "mask/013.png",
            "depth_file_path": "depth/013.png",
            "transform_matrix": [
                [
                    -0.44384189581433703,
                    0.12471372720514455,
                    -0.8873842785211693,
                    -1.7747685570423382
                ],
                [
                    6.157465360653656e-18,
                    0.9902680687415704,
                    0.1391731009600655,
                    1.1283462019201307
                ],
                [
                    0.8961051118702177,
                    0.061770852976475596,
                    -0.4395224569946608,
                    -0.8790449139893214
                ],
                [
                    0.0,
                    0.0,
                    0.0,
                    1.0
                ]
            ],
            "fl_x": 819.2,
            "fl_y": 819.2,
            "cx": 512.0,
            "cy": 537.0
        },
        {
            "file_path": "images/014.jpg",
            "mask_path": "mask/014.png",
            "depth_file_path": "depth/014.png",
            "transform_matrix": [
                [
                    -0.3721660826198494,
                    0.12917576167214528,
                    -0.9191333034679009,
                    -1.8382666069358018
                ],
                [
                    -6.377768476311532e-18,
                    0.9902680687415704,
                    0.13917310096006547,
                    1.128346201920131
                ],
                [
                    0.9281661526620089,
                    0.05179550779036436,
                    -0.36854418788707394,
                    -0.7370883757741477
                ],
                [
                    0.0,
                    0.0,
                    0.0,
                    1.0
                ]
            ],
            "fl_x": 819.2,
            "fl_y": 819.2,
            "cx": 512.0,
            "cy": 537.0
        },
        {
            "file_path": "images/015.jpg",
            "mask_path": "mask/015.png",
            "depth_file_path": "depth/015.png",
            "transform_matrix": [
                [
                    -0.2981957417682287,
                    0.1328413846131376,
                    -0.9452155659559147,
                    -1.8904311319118297
                ],
                [
                    -1.3117501056979436e-17,
                    0.9902680687415704,
                    0.13917310096006544,
                    1.1283462019201307
                ],
                [
                    0.9545047404760731,
                    0.041500826074971305,
                    -0.2952937213077839,
                    -0.5905874426155677
                ],
                [
                    0.0,
                    0.0,
                    0.0,
                    1.0
                ]
            ],
            "fl_x": 819.2,
            "fl_y": 819.2,
            "cx": 512.0,
            "cy": 537.0
        },
        {
            "file_path": "images/016.jpg",
            "mask_path": "mask/016.png",
            "depth_file_path": "depth/016.png",
            "transform_matrix": [
                [
                    -0.22238692500846136,
                    0.13568799624374692,
                    -0.965470260163739,
                    -1.9309405203274779
                ],
                [
                    -3.3496478513269473e-18,
                    0.9902680687415704,
                    0.13917310096006547,
                    1.1283462019201311
                ],
                [
                    0.9749584891600672,
                    0.030950277966401103,
                    -0.22022267074150548,
                    -0.44044534148301095
                ],
                [
                    0.0,
                    0.0,
                    0.0,
                    1.0
                ]
            ],
            "fl_x": 819.2,
            "fl_y": 819.2,
            "cx": 512.0,
            "cy": 537.0
        },
        {
            "file_path": "images/017.jpg",
            "mask_path": "mask/017.png",
            "depth_file_path": "depth/017.png",
            "transform_matrix": [
                [
                    -0.14520701890485918,
                    0.13769804625667612,
                    -0.9797725091662134,
                    -1.9595450183324274
                ],
                [
                    -3.399268745534665e-18,
                    0.9902680687415704,
                    0.13917310096006544,
                    1.1283462019201311
                ],
                [
                    0.9894012945517932,
                    0.020208911102156096,
                    -0.14379387417863557,
                    -0.2875877483572712
                ],
                [
                    0.0,
                    0.0,
                    0.0,
                    1.0
                ]
            ],
            "fl_x": 819.2,
            "fl_y": 819.2,
            "cx": 512.0,
            "cy": 537.0
        },
        {
            "file_path": "images/018.jpg",
            "mask_path": "mask/018.png",
            "depth_file_path": "depth/018.png",
            "transform_matrix": [
                [
                    -0.06713186324347571,
                    0.13885914202518607,
                    -0.9880341348422575,
                    -1.976068269684515
                ],
                [
                    0.0,
                    0.9902680687415704,
                    0.13917310096006547,
                    1.1283462019201311
                ],
                [
                    0.9977441119532899,
                    0.009342949580821552,
                    -0.06647854056513991,
                    -0.13295708113027985
                ],
                [
                    0.0,
                    0.0,
                    0.0,
                    1.0
                ]
            ],
            "fl_x": 819.2,
            "fl_y": 819.2,
            "cx": 512.0,
            "cy": 537.0
        },
        {
            "file_path": "images/019.jpg",
            "mask_path": "mask/019.png",
            "depth_file_path": "depth/019.png",
            "transform_matrix": [
                [
                    0.011357182678414467,
                    0.13916412500776038,
                    -0.9902042015223091,
                    -1.980408403044618
                ],
                [
                    2.1471630929895234e-19,
                    0.9902680687415704,
                    0.13917310096006547,
                    1.1283462019201311
                ],
                [
                    0.9999355051210098,
                    -0.0015806143315248837,
                    0.01124665535729871,
                    0.02249331071459742
                ],
                [
                    0.0,
                    0.0,
                    0.0,
                    1.0
                ]
            ],
            "fl_x": 819.2,
            "fl_y": 819.2,
            "cx": 512.0,
            "cy": 537.0
        },
        {
            "file_path": "images/020.jpg",
            "mask_path": "mask/020.png",
            "depth_file_path": "depth/020.png",
            "transform_matrix": [
                [
                    0.08977620779244486,
                    0.13861111488289424,
                    -0.9862693300236649,
                    -1.97253866004733
                ],
                [
                    0.0,
                    0.9902680687415701,
                    0.13917310096006544,
                    1.1283462019201311
                ],
                [
                    0.9959619633873612,
                    -0.01249443323090974,
                    0.08890251190956627,
                    0.1778050238191326
                ],
                [
                    0.0,
                    0.0,
                    0.0,
                    1.0
                ]
            ],
            "fl_x": 819.2,
            "fl_y": 819.2,
            "cx": 512.0,
            "cy": 537.0
        },
        {
            "file_path": "images/021.jpg",
            "mask_path": "mask/021.png",
            "depth_file_path": "depth/021.png",
            "transform_matrix": [
                [
                    0.16764173273181723,
                    0.13720352114190212,
                    -0.9762537801375919,
                    -1.9525075602751838
                ],
                [
                    3.387060701831562e-18,
                    0.9902680687415704,
                    0.13917310096006547,
                    1.128346201920131
                ],
                [
                    0.9858479849584691,
                    -0.023331219794605514,
                    0.16601025491282717,
                    0.3320205098256543
                ],
                [
                    0.0,
                    0.0,
                    0.0,
                    1.0
                ]
            ],
            "fl_x": 819.2,
            "fl_y": 819.2,
            "cx": 512.0,
            "cy": 537.0
        },
        {
            "file_path": "images/022.jpg",
            "mask_path": "mask/022.png",
            "depth_file_path": "depth/022.png",
            "transform_matrix": [
                [
                    0.24447369064236402,
                    0.13495002206826956,
                    -0.9602193010596461,
                    -1.9204386021192925
                ],
                [
                    -6.662859854536836e-18,
                    0.9902680687415701,
                    0.13917310096006547,
                    1.128346201920131
                ],
                [
                    0.9696559258745865,
                    -0.03402416162984953,
                    0.2420944894905379,
                    0.48418897898107577
                ],
                [
                    0.0,
                    0.0,
                    0.0,
                    1.0
                ]
            ],
            "fl_x": 819.2,
            "fl_y": 819.2,
            "cx": 512.0,
            "cy": 537.0
        },
        {
            "file_path": "images/023.jpg",
            "mask_path": "mask/023.png",
            "depth_file_path": "depth/023.png",
            "transform_matrix": [
                [
                    0.31979838695434976,
                    0.13186451123315002,
                    -0.9382647506853481,
                    -1.8765295013706962
                ],
                [
                    6.5105195587815966e-18,
                    0.9902680687415704,
                    0.13917310096006547,
                    1.1283462019201311
                ],
                [
                    0.9474856155643714,
                    -0.0445073331944638,
                    0.3166861310359533,
                    0.6333722620719067
                ],
                [
                    0.0,
                    0.0,
                    0.0,
                    1.0
                ]
            ],
            "fl_x": 819.2,
            "fl_y": 819.2,
            "cx": 512.0,
            "cy": 537.0
        },
        {
            "file_path": "images/024.jpg",
            "mask_path": "mask/024.png",
            "depth_file_path": "depth/024.png",
            "transform_matrix": [
                [
                    0.3931514198670062,
                    0.12796601183687853,
                    -0.9105254861183847,
                    -1.8210509722367696
                ],
                [
                    -6.318039744979025e-18,
                    0.9902680687415704,
                    0.1391731009600655,
                    1.128346201920131
                ],
                [
                    0.9194737413632631,
                    -0.05471610224974394,
                    0.38932529727470644,
                    0.778650594549413
                ],
                [
                    0.0,
                    0.0,
                    0.0,
                    1.0
                ]
            ],
            "fl_x": 819.2,
            "fl_y": 819.2,
            "cx": 512.0,
            "cy": 537.0
        },
        {
            "file_path": "images/025.jpg",
            "mask_path": "mask/025.png",
            "depth_file_path": "depth/025.png",
            "transform_matrix": [
                [
                    0.4640805435400699,
                    0.1232785594246156,
                    -0.8771725291490522,
                    -1.7543450582981044
                ],
                [
                    0.0,
                    0.9902680687415704,
                    0.13917310096006547,
                    1.128346201920131
                ],
                [
                    0.8857930057906043,
                    -0.0645875283397042,
                    0.4595641435919633,
                    0.9191282871839264
                ],
                [
                    0.0,
                    0.0,
                    0.0,
                    1.0
                ]
            ],
            "fl_x": 819.2,
            "fl_y": 819.2,
            "cx": 512.0,
            "cy": 537.0
        },
        {
            "file_path": "images/026.jpg",
            "mask_path": "mask/026.png",
            "depth_file_path": "depth/026.png",
            "transform_matrix": [
                [
                    0.5321484563397675,
                    0.11783105369921905,
                    -0.838411511848051,
                    -1.676823023696102
                ],
                [
                    0.0,
                    0.9902680687415704,
                    0.13917310096006547,
                    1.1283462019201311
                ],
                [
                    0.846651061781182,
                    -0.07406075083991745,
                    0.5269696241433893,
                    1.0539392482867787
                ],
                [
                    0.0,
                    0.0,
                    0.0,
                    1.0
                ]
            ],
            "fl_x": 819.2,
            "fl_y": 819.2,
            "cx": 512.0,
            "cy": 537.0
        },
        {
            "file_path": "images/027.jpg",
            "mask_path": "mask/027.png",
            "depth_file_path": "depth/027.png",
            "transform_matrix": [
                [
                    0.5969354969488123,
                    0.11165708034496528,
                    -0.7944814087763867,
                    -1.5889628175527735
                ],
                [
                    1.1025644408252196e-17,
                    0.9902680687415704,
                    0.13917310096006547,
                    1.1283462019201311
                ],
                [
                    0.8022892324358307,
                    -0.08307736418350391,
                    0.59112616172679,
                    1.18225232345358
                ],
                [
                    0.0,
                    0.0,
                    0.0,
                    1.0
                ]
            ],
            "fl_x": 819.2,
            "fl_y": 819.2,
            "cx": 512.0,
            "cy": 537.0
        },
        {
            "file_path": "images/028.jpg",
            "mask_path": "mask/028.png",
            "depth_file_path": "depth/028.png",
            "transform_matrix": [
                [
                    0.6580422317179716,
                    0.10479470396063788,
                    -0.7456530636277394,
                    -1.4913061272554795
                ],
                [
                    0.0,
                    0.9902680687415701,
                    0.13917310096006544,
                    1.128346201920131
                ],
                [
                    0.7529810231842708,
                    -0.09158177795087202,
                    0.6516382099537485,
                    1.3032764199074969
                ],
                [
                    0.0,
                    0.0,
                    0.0,
                    1.0
                ]
            ],
            "fl_x": 819.2,
            "fl_y": 819.2,
            "cx": 512.0,
            "cy": 537.0
        },
        {
            "file_path": "images/029.jpg",
            "mask_path": "mask/029.png",
            "depth_file_path": "depth/029.png",
            "transform_matrix": [
                [
                    0.715091917307343,
                    0.09728623337861785,
                    -0.6922275193870214,
                    -1.3844550387740433
                ],
                [
                    2.8028345547787495e-17,
                    0.9902680687415704,
                    0.13917310096006547,
                    1.128346201920131
                ],
                [
                    0.6990304355331807,
                    -0.09952155960314163,
                    0.7081326919246493,
                    1.416265383849299
                ],
                [
                    0.0,
                    0.0,
                    0.0,
                    1.0
                ]
            ],
            "fl_x": 819.2,
            "fl_y": 819.2,
            "cx": 512.0,
            "cy": 537.0
        },
        {
            "file_path": "images/030.jpg",
            "mask_path": "mask/030.png",
            "depth_file_path": "depth/030.png",
            "transform_matrix": [
                [
                    0.7677328234343216,
                    0.0891779608168633,
                    -0.6345341623002744,
                    -1.269068324600549
                ],
                [
                    1.4014172773893747e-17,
                    0.9902680687415704,
                    0.1391731009600655,
                    1.128346201920131
                ],
                [
                    0.640770092795821,
                    -0.10684775774618094,
                    0.7602613003718186,
                    1.5205226007436377
                ],
                [
                    0.0,
                    0.0,
                    0.0,
                    1.0
                ]
            ],
            "fl_x": 819.2,
            "fl_y": 819.2,
            "cx": 512.0,
            "cy": 537.0
        },
        {
            "file_path": "images/031.jpg",
            "mask_path": "mask/031.png",
            "depth_file_path": "depth/031.png",
            "transform_matrix": [
                [
                    0.815640401407758,
                    0.08051987647199146,
                    -0.5729286910989247,
                    -1.1458573821978497
                ],
                [
                    -1.4014172773893747e-17,
                    0.9902680687415704,
                    0.13917310096006544,
                    1.1283462019201307
                ],
                [
                    0.5785591893586963,
                    -0.11351520393223015,
                    0.8077026450896593,
                    1.6154052901793192
                ],
                [
                    0.0,
                    0.0,
                    0.0,
                    1.0
                ]
            ],
            "fl_x": 819.2,
            "fl_y": 819.2,
            "cx": 512.0,
            "cy": 537.0
        },
        {
            "file_path": "images/032.jpg",
            "mask_path": "mask/032.png",
            "depth_file_path": "depth/032.png",
            "transform_matrix": [
                [
                    0.8585192850785581,
                    0.0713653603130939,
                    -0.507790923998828,
                    -1.015581847997656
                ],
                [
                    0.0,
                    0.9902680687415704,
                    0.13917310096006547,
                    1.128346201920131
                ],
                [
                    0.5127812761287226,
                    -0.11948279113840139,
                    0.8501642344121375,
                    1.700328468824275
                ],
                [
                    0.0,
                    0.0,
                    0.0,
                    1.0
                ]
            ],
            "fl_x": 819.2,
            "fl_y": 819.2,
            "cx": 512.0,
            "cy": 537.0
        },
        {
            "file_path": "images/033.jpg",
            "mask_path": "mask/033.png",
            "depth_file_path": "depth/033.png",
            "transform_matrix": [
                [
                    0.8961051118702177,
                    0.06177085297647558,
                    -0.4395224569946608,
                    -0.8790449139893216
                ],
                [
                    -1.4014172773893747e-17,
                    0.9902680687415704,
                    0.13917310096006547,
                    1.128346201920131
                ],
                [
                    0.443841895814337,
                    -0.12471372720514454,
                    0.8873842785211692,
                    1.7747685570423384
                ],
                [
                    0.0,
                    0.0,
                    0.0,
                    1.0
                ]
            ],
            "fl_x": 819.2,
            "fl_y": 819.2,
            "cx": 512.0,
            "cy": 537.0
        },
        {
            "file_path": "images/034.jpg",
            "mask_path": "mask/034.png",
            "depth_file_path": "depth/034.png",
            "transform_matrix": [
                [
                    0.9281661526620087,
                    0.05179550779036436,
                    -0.368544187887074,
                    -0.737088375774148
                ],
                [
                    0.0,
                    0.9902680687415704,
                    0.13917310096006547,
                    1.128346201920131
                ],
                [
                    0.37216608261984946,
                    -0.12917576167214526,
                    0.9191333034679009,
                    1.8382666069358018
                ],
                [
                    0.0,
                    0.0,
                    0.0,
                    1.0
                ]
            ],
            "fl_x": 819.2,
            "fl_y": 819.2,
            "cx": 512.0,
            "cy": 537.0
        },
        {
            "file_path": "images/035.jpg",
            "mask_path": "mask/035.png",
            "depth_file_path": "depth/035.png",
            "transform_matrix": [
                [
                    0.9545047404760733,
                    0.04150082607497134,
                    -0.2952937213077839,
                    -0.5905874426155682
                ],
                [
                    7.007086386946875e-18,
                    0.9902680687415706,
                    0.1391731009600655,
                    1.128346201920131
                ],
                [
                    0.2981957417682289,
                    -0.13284138461313766,
                    0.9452155659559147,
                    1.8904311319118299
                ],
                [
                    0.0,
                    0.0,
                    0.0,
                    1.0
                ]
            ],
            "fl_x": 819.2,
            "fl_y": 819.2,
            "cx": 512.0,
            "cy": 537.0
        },
        {
            "file_path": "images/036.jpg",
            "mask_path": "mask/036.png",
            "depth_file_path": "depth/036.png",
            "transform_matrix": [
                [
                    0.9749584891600673,
                    0.030950277966401103,
                    -0.2202226707415055,
                    -0.44044534148301095
                ],
                [
                    -7.007086386946874e-18,
                    0.9902680687415704,
                    0.13917310096006544,
                    1.1283462019201307
                ],
                [
                    0.2223869250084614,
                    -0.1356879962437469,
                    0.9654702601637388,
                    1.9309405203274776
                ],
                [
                    0.0,
                    0.0,
                    0.0,
                    1.0
                ]
            ],
            "fl_x": 819.2,
            "fl_y": 819.2,
            "cx": 512.0,
            "cy": 537.0
        },
        {
            "file_path": "images/037.jpg",
            "mask_path": "mask/037.png",
            "depth_file_path": "depth/037.png",
            "transform_matrix": [
                [
                    0.9894012945517932,
                    0.020208911102156103,
                    -0.1437938741786356,
                    -0.2875877483572713
                ],
                [
                    -7.007086386946874e-18,
                    0.9902680687415704,
                    0.1391731009600654,
                    1.128346201920131
                ],
                [
                    0.1452070189048592,
                    -0.13769804625667612,
                    0.9797725091662134,
                    1.9595450183324272
                ],
                [
                    0.0,
                    0.0,
                    0.0,
                    1.0
                ]
            ],
            "fl_x": 819.2,
            "fl_y": 819.2,
            "cx": 512.0,
            "cy": 537.0
        },
        {
            "file_path": "images/038.jpg",
            "mask_path": "mask/038.png",
            "depth_file_path": "depth/038.png",
            "transform_matrix": [
                [
                    0.99774411195329,
                    0.009342949580821562,
                    -0.06647854056513998,
                    -0.13295708113027996
                ],
                [
                    -1.7517715967367184e-18,
                    0.9902680687415704,
                    0.13917310096006547,
                    1.128346201920131
                ],
                [
