{
    "w": 1024,
    "h": 1024,
    "k1": 0,
    "k2": 0,
    "p1": 0,
    "p2": 0,
    "camera_model": "OPENCV",
    "frames": [
        {
            "file_path": "images/000.jpg",
            "mask_path": "mask/000.png",
            "depth_file_path": "depth/000.png",
            "transform_matrix": [
                [
                    -0.9959619633873615,
                    0.012494433230909758,
                    -0.08890251190956638,
                    -0.17780502381913274
                ],
                [
                    -3.503543193473437e-18,
                    0.9902680687415704,
                    0.1391731009600655,
                    1.1283462019201307
                ],
                [
                    0.08977620779244497,
                    0.13861111488289427,
                    -0.986269330023665,
                    -1.9725386600473298
                ],
                [
                    0.0,
                    0.0,
                    0.0,
                    1.0
                ]
            ],
            "fl_x": 819.2,
            "fl_y": 819.2,
            "cx": 512.0,
            "cy": 537.0
        },
        {
            "file_path": "images/002.jpg",
            "mask_path": "mask/002.png",
            "depth_file_path": "depth/002.png",
            "transform_matrix": [
                [
                    -0.9696559258745864,
                    0.03402416162984954,
                    -0.24209448949053797,
                    -0.48418897898107593
                ],
                [
                    7.007086386946872e-18,
                    0.9902680687415701,
                    0.13917310096006547,
                    1.128346201920131
                ],
                [
                    0.24447369064236404,
                    0.13495002206826956,
                    -0.960219301059646,
                    -1.920438602119292
                ],
                [
                    0.0,
                    0.0,
                    0.0,
                    1.0
                ]
            ],
            "fl_x": 819.2,
            "fl_y": 819.2,
            "cx": 512.0,
            "cy": 537.0
        },
        {
            "file_path": "images/005.jpg",
            "mask_path": "mask/005.png",
            "depth_file_path": "depth/005.png",
            "transform_matrix": [
                [
                    -0.8857930057906044,
                    0.06458752833970414,
                    -0.4595641435919628,
                    -0.9191282871839257
                ],
                [
                    -1.4014172773893747e-17,
                    0.9902680687415704,
                    0.1391731009600655,
                    1.1283462019201307
                ],
                [
                    0.46408054354006945,
                    0.12327855942461563,
                    -0.8771725291490524,
                    -1.7543450582981048
                ],
                [
                    0.0,
                    0.0,
                    0.0,
                    1.0
                ]
            ],
            "fl_x": 819.2,
            "fl_y": 819.2,
            "cx": 512.0,
            "cy": 537.0
        },
        {
            "file_path": "images/007.jpg",
            "mask_path": "mask/007.png",
            "depth_file_path": "depth/007.png",
            "transform_matrix": [
                [
                    -0.8022892324358308,
                    0.08307736418350387,
                    -0.5911261617267897,
                    -1.1822523234535796
                ],
                [
                    1.4014172773893747e-17,
                    0.9902680687415704,
                    0.1391731009600655,
                    1.128346201920131
                ],
                [
                    0.596935496948812,
                    0.11165708034496533,
                    -0.7944814087763872,
                    -1.5889628175527748
                ],
                [
                    0.0,
                    0.0,
                    0.0,
                    1.0
                ]
            ],
            "fl_x": 819.2,
            "fl_y": 819.2,
            "cx": 512.0,
            "cy": 537.0
        },
        {
            "file_path": "images/010.jpg",
            "mask_path": "mask/010.png",
            "depth_file_path": "depth/010.png",
            "transform_matrix": [
                [
                    -0.6407700927958209,
                    0.10684775774618094,
                    -0.7602613003718185,
                    -1.5205226007436377
                ],
                [
                    0.0,
                    0.9902680687415704,
                    0.13917310096006547,
                    1.128346201920131
                ],
                [
                    0.7677328234343216,
                    0.08917796081686327,
                    -0.6345341623002742,
                    -1.2690683246005487
                ],
                [
                    0.0,
                    0.0,
                    0.0,
                    1.0
                ]
            ],
            "fl_x": 819.2,
            "fl_y": 819.2,
            "cx": 512.0,
            "cy": 537.0
        },
        {
            "file_path": "images/012.jpg",
            "mask_path": "mask/012.png",
            "depth_file_path": "depth/012.png",
            "transform_matrix": [
                [
                    -0.5127812761287226,
                    0.1194827911384014,
                    -0.8501642344121375,
                    -1.700328468824275
                ],
                [
                    1.1798398846964672e-17,
                    0.9902680687415704,
                    0.1391731009600655,
                    1.1283462019201311
                ],
                [
                    0.8585192850785581,
                    0.07136536031309391,
                    -0.507790923998828,
                    -1.0155818479976557
                ],
                [
                    0.0,
                    0.0,
                    0.0,
                    1.0
                ]
            ],
            "fl_x": 819.2,
            "fl_y": 819.2,
            "cx": 512.0,
            "cy": 537.0
        },
        {
            "file_path": "images/015.jpg",
            "mask_path": "mask/015.png",
            "depth_file_path": "depth/015.png",
            "transform_matrix": [
                [
                    -0.2981957417682287,
                    0.1328413846131376,
                    -0.9452155659559147,
                    -1.8904311319118297
                ],
                [
                    -1.3117501056979436e-17,
                    0.9902680687415704,
                    0.13917310096006544,
                    1.1283462019201307
                ],
                [
                    0.9545047404760731,
                    0.041500826074971305,
                    -0.2952937213077839,
                    -0.5905874426155677
                ],
                [
                    0.0,
                    0.0,
                    0.0,
                    1.0
                ]
            ],
            "fl_x": 819.2,
            "fl_y": 819.2,
            "cx": 512.0,
            "cy": 537.0
        },
        {
            "file_path": "images/017.jpg",
            "mask_path": "mask/017.png",
            "depth_file_path": "depth/017.png",
            "transform_matrix": [
                [
                    -0.14520701890485918,
                    0.13769804625667612,
                    -0.9797725091662134,
                    -1.9595450183324274
                ],
                [
                    -3.399268745534665e-18,
                    0.9902680687415704,
                    0.13917310096006544,
                    1.1283462019201311
                ],
                [
                    0.9894012945517932,
                    0.020208911102156096,
                    -0.14379387417863557,
                    -0.2875877483572712
                ],
                [
                    0.0,
                    0.0,
                    0.0,
                    1.0
                ]
            ],
            "fl_x": 819.2,
            "fl_y": 819.2,
            "cx": 512.0,
            "cy": 537.0
        },
        {
            "file_path": "images/020.jpg",
            "mask_path": "mask/020.png",
            "depth_file_path": "depth/020.png",
            "transform_matrix": [
                [
                    0.08977620779244486,
                    0.13861111488289424,
                    -0.9862693300236649,
                    -1.97253866004733
                ],
                [
                    0.0,
                    0.9902680687415701,
                    0.13917310096006544,
                    1.1283462019201311
                ],
                [
                    0.9959619633873612,
                    -0.01249443323090974,
                    0.08890251190956627,
                    0.1778050238191326
                ],
                [
                    0.0,
                    0.0,
                    0.0,
                    1.0
                ]
            ],
            "fl_x": 819.2,
            "fl_y": 819.2,
            "cx": 512.0,
            "cy": 537.0
        },
        {
            "file_path": "images/022.jpg",
            "mask_path": "mask/022.png",
            "depth_file_path": "depth/022.png",
            "transform_matrix": [
                [
                    0.24447369064236402,
                    0.13495002206826956,
                    -0.9602193010596461,
                    -1.9204386021192925
                ],
                [
                    -6.662859854536836e-18,
                    0.9902680687415701,
                    0.13917310096006547,
                    1.128346201920131
                ],
                [
                    0.9696559258745865,
                    -0.03402416162984953,
                    0.2420944894905379,
                    0.48418897898107577
                ],
                [
                    0.0,
                    0.0,
                    0.0,
                    1.0
                ]
            ],
            "fl_x": 819.2,
            "fl_y": 819.2,
            "cx": 512.0,
            "cy": 537.0
        },
        {
            "file_path": "images/025.jpg",
            "mask_path": "mask/025.png",
            "depth_file_path": "depth/025.png",
            "transform_matrix": [
                [
                    0.4640805435400699,
                    0.1232785594246156,
                    -0.8771725291490522,
                    -1.7543450582981044
                ],
                [
                    0.0,
                    0.9902680687415704,
                    0.13917310096006547,
                    1.128346201920131
                ],
                [
                    0.8857930057906043,
                    -0.0645875283397042,
                    0.4595641435919633,
                    0.9191282871839264
                ],
                [
                    0.0,
                    0.0,
                    0.0,
                    1.0
                ]
            ],
            "fl_x": 819.2,
            "fl_y": 819.2,
            "cx": 512.0,
            "cy": 537.0
        },
        {
            "file_path": "images/027.jpg",
            "mask_path": "mask/027.png",
            "depth_file_path": "depth/027.png",
            "transform_matrix": [
                [
                    0.5969354969488123,
                    0.11165708034496528,
                    -0.7944814087763867,
                    -1.5889628175527735
                ],
                [
                    1.1025644408252196e-17,
                    0.9902680687415704,
                    0.13917310096006547,
                    1.1283462019201311
                ],
                [
                    0.8022892324358307,
                    -0.08307736418350391,
                    0.59112616172679,
                    1.18225232345358
                ],
                [
                    0.0,
                    0.0,
                    0.0,
                    1.0
                ]
            ],
            "fl_x": 819.2,
            "fl_y": 819.2,
            "cx": 512.0,
            "cy": 537.0
        },
        {
            "file_path": "images/030.jpg",
            "mask_path": "mask/030.png",
            "depth_file_path": "depth/030.png",
            "transform_matrix": [
                [
                    0.7677328234343216,
                    0.0891779608168633,
                    -0.6345341623002744,
                    -1.269068324600549
                ],
                [
                    1.4014172773893747e-17,
                    0.9902680687415704,
                    0.1391731009600655,
                    1.128346201920131
                ],
                [
                    0.640770092795821,
                    -0.10684775774618094,
                    0.7602613003718186,
                    1.5205226007436377
                ],
                [
                    0.0,
                    0.0,
                    0.0,
                    1.0
                ]
            ],
            "fl_x": 819.2,
            "fl_y": 819.2,
            "cx": 512.0,
            "cy": 537.0
        },
        {
            "file_path": "images/032.jpg",
            "mask_path": "mask/032.png",
            "depth_file_path": "depth/032.png",
            "transform_matrix": [
                [
                    0.8585192850785581,
                    0.0713653603130939,
                    -0.507790923998828,
                    -1.015581847997656
                ],
                [
                    0.0,
                    0.9902680687415704,
                    0.13917310096006547,
                    1.128346201920131
                ],
                [
                    0.5127812761287226,
                    -0.11948279113840139,
                    0.8501642344121375,
                    1.700328468824275
                ],
                [
                    0.0,
                    0.0,
                    0.0,
                    1.0
                ]
            ],
            "fl_x": 819.2,
            "fl_y": 819.2,
            "cx": 512.0,
            "cy": 537.0
        },
        {
            "file_path": "images/035.jpg",
            "mask_path": "mask/035.png",
            "depth_file_path": "depth/035.png",
            "transform_matrix": [
                [
                    0.9545047404760733,
                    0.04150082607497134,
                    -0.2952937213077839,
                    -0.5905874426155682
                ],
                [
                    7.007086386946875e-18,
                    0.9902680687415706,
                    0.1391731009600655,
                    1.128346201920131
                ],
                [
                    0.2981957417682289,
                    -0.13284138461313766,
                    0.9452155659559147,
                    1.8904311319118299
                ],
                [
                    0.0,
                    0.0,
                    0.0,
                    1.0
                ]
            ],
            "fl_x": 819.2,
            "fl_y": 819.2,
            "cx": 512.0,
            "cy": 537.0
        },
        {
            "file_path": "images/037.jpg",
            "mask_path": "mask/037.png",
            "depth_file_path": "depth/037.png",
            "transform_matrix": [
                [
                    0.9894012945517932,
                    0.020208911102156103,
                    -0.1437938741786356,
                    -0.2875877483572713
                ],
                [
                    -7.007086386946874e-18,
                    0.9902680687415704,
                    0.1391731009600654,
                    1.128346201920131
                ],
                [
                    0.1452070189048592,
                    -0.13769804625667612,
                    0.9797725091662134,
                    1.9595450183324272
                ],
                [
                    0.0,
                    0.0,
                    0.0,
                    1.0
                ]
            ],
            "fl_x": 819.2,
            "fl_y": 819.2,
            "cx": 512.0,
            "cy": 537.0
        },
        {
            "file_path": "images/040.jpg",
            "mask_path": "mask/040.png",
            "depth_file_path": "depth/040.png",
            "transform_matrix": [
                [
                    0.9959619633873613,
                    -0.012494433230909732,
                    0.08890251190956623,
                    0.17780502381913246
                ],
                [
                    0.0,
                    0.9902680687415701,
                    0.1391731009600654,
                    1.128346201920131
                ],
                [
                    -0.08977620779244481,
                    -0.1386111148828942,
                    0.9862693300236648,
                    1.9725386600473296
                ],
                [
                    0.0,
                    0.0,
                    0.0,
                    1.0
                ]
            ],
            "fl_x": 819.2,
            "fl_y": 819.2,
            "cx": 512.0,
            "cy": 537.0
        },
        {
            "file_path": "images/042.jpg",
            "mask_path": "mask/042.png",
            "depth_file_path": "depth/042.png",
            "transform_matrix": [
                [
                    0.9696559258745865,
                    -0.03402416162984951,
                    0.24209448949053783,
                    0.48418897898107566
                ],
                [
                    0.0,
                    0.9902680687415701,
                    0.13917310096006544,
                    1.1283462019201307
                ],
                [
                    -0.24447369064236396,
                    -0.13495002206826953,
                    0.960219301059646,
                    1.920438602119292
                ],
                [
                    0.0,
                    0.0,
                    0.0,
                    1.0
                ]
            ],
            "fl_x": 819.2,
            "fl_y": 819.2,
            "cx": 512.0,
            "cy": 537.0
        },
        {
            "file_path": "images/045.jpg",
            "mask_path": "mask/045.png",
            "depth_file_path": "depth/045.png",
            "transform_matrix": [
                [
                    0.8857930057906042,
                    -0.06458752833970417,
                    0.4595641435919631,
                    0.9191282871839264
                ],
                [
                    1.4014172773893747e-17,
                    0.9902680687415704,
                    0.13917310096006547,
                    1.128346201920131
                ],
                [
                    -0.4640805435400697,
                    -0.12327855942461559,
                    0.8771725291490522,
                    1.7543450582981044
                ],
                [
                    0.0,
                    0.0,
                    0.0,
                    1.0
                ]
            ],
            "fl_x": 819.2,
            "fl_y": 819.2,
            "cx": 512.0,
            "cy": 537.0
        },
        {
            "file_path": "images/047.jpg",
            "mask_path": "mask/047.png",
            "depth_file_path": "depth/047.png",
            "transform_matrix": [
                [
                    0.8022892324358308,
                    -0.0830773641835039,
                    0.5911261617267899,
                    1.1822523234535796
                ],
                [
                    2.8028345547787495e-17,
                    0.9902680687415704,
                    0.13917310096006544,
                    1.1283462019201307
                ],
                [
                    -0.5969354969488122,
                    -0.11165708034496528,
                    0.7944814087763868,
                    1.5889628175527735
                ],
                [
                    0.0,
                    0.0,
                    0.0,
                    1.0
                ]
            ],
            "fl_x": 819.2,
            "fl_y": 819.2,
            "cx": 512.0,
            "cy": 537.0
        },
        {
            "file_path": "images/050.jpg",
            "mask_path": "mask/050.png",
            "depth_file_path": "depth/050.png",
            "transform_matrix": [
                [
                    0.640770092795821,
                    -0.1068477577461809,
                    0.7602613003718185,
                    1.5205226007436374
                ],
                [
                    0.0,
                    0.9902680687415701,
                    0.13917310096006544,
                    1.1283462019201311
                ],
                [
                    -0.7677328234343214,
                    -0.08917796081686327,
                    0.6345341623002743,
                    1.2690683246005492
                ],
                [
                    0.0,
                    0.0,
                    0.0,
                    1.0
                ]
            ],
            "fl_x": 819.2,
            "fl_y": 819.2,
            "cx": 512.0,
            "cy": 537.0
        },
        {
            "file_path": "images/052.jpg",
            "mask_path": "mask/052.png",
            "depth_file_path": "depth/052.png",
            "transform_matrix": [
                [
                    0.5127812761287227,
                    -0.11948279113840136,
                    0.8501642344121375,
                    1.7003284688242752
                ],
                [
                    1.179839884696467e-17,
                    0.9902680687415701,
                    0.13917310096006547,
                    1.128346201920131
                ],
                [
                    -0.8585192850785581,
                    -0.07136536031309391,
                    0.5077909239988281,
                    1.0155818479976562
                ],
                [
                    0.0,
                    0.0,
                    0.0,
                    1.0
                ]
            ],
            "fl_x": 819.2,
            "fl_y": 819.2,
            "cx": 512.0,
            "cy": 537.0
        },
        {
            "file_path": "images/055.jpg",
            "mask_path": "mask/055.png",
            "depth_file_path": "depth/055.png",
            "transform_matrix": [
                [
                    0.29819574176822894,
                    -0.1328413846131376,
                    0.9452155659559146,
                    1.8904311319118294
                ],
                [
                    0.0,
                    0.9902680687415704,
                    0.13917310096006544,
                    1.1283462019201307
                ],
                [
                    -0.9545047404760734,
                    -0.04150082607497133,
                    0.29529372130778403,
                    0.5905874426155681
                ],
                [
                    0.0,
                    0.0,
                    0.0,
                    1.0
                ]
            ],
            "fl_x": 819.2,
            "fl_y": 819.2,
            "cx": 512.0,
            "cy": 537.0
        },
        {
            "file_path": "images/057.jpg",
            "mask_path": "mask/057.png",
            "depth_file_path": "depth/057.png",
            "transform_matrix": [
                [
                    0.1452070189048593,
                    -0.1376980462566761,
                    0.9797725091662134,
                    1.9595450183324277
                ],
                [
                    0.0,
                    0.9902680687415701,
                    0.1391731009600654,
                    1.128346201920131
                ],
                [
                    -0.9894012945517932,
                    -0.020208911102156106,
                    0.14379387417863565,
                    0.2875877483572714
                ],
                [
                    0.0,
                    0.0,
                    0.0,
                    1.0
                ]
            ],
            "fl_x": 819.2,
            "fl_y": 819.2,
            "cx": 512.0,
            "cy": 537.0
        },
        {
            "file_path": "images/061.jpg",
            "mask_path": "mask/061.png",
            "depth_file_path": "depth/061.png",
            "transform_matrix": [
                [
                    -0.1676417327318171,
                    -0.1372035211419021,
                    0.9762537801375918,
                    1.9525075602751836
                ],
                [
                    3.3870607018315616e-18,
                    0.9902680687415701,
                    0.13917310096006544,
                    1.128346201920131
                ],
                [
                    -0.9858479849584691,
                    0.02333121979460549,
                    -0.166010254912827,
                    -0.33202050982565395
                ],
                [
                    0.0,
                    0.0,
                    0.0,
                    1.0
                ]
            ],
            "fl_x": 819.2,
            "fl_y": 819.2,
            "cx": 512.0,
            "cy": 537.0
        },
        {
            "file_path": "images/064.jpg",
            "mask_path": "mask/064.png",
            "depth_file_path": "depth/064.png",
            "transform_matrix": [
                [
                    -0.3931514198670061,
                    -0.12796601183687856,
                    0.9105254861183848,
                    1.8210509722367698
                ],
                [
                    -1.263607948995805e-17,
                    0.9902680687415704,
                    0.1391731009600655,
                    1.128346201920131
                ],
                [
                    -0.9194737413632631,
                    0.05471610224974392,
                    -0.3893252972747063,
                    -0.7786505945494127
                ],
                [
                    0.0,
                    0.0,
                    0.0,
                    1.0
                ]
            ],
            "fl_x": 819.2,
            "fl_y": 819.2,
            "cx": 512.0,
            "cy": 537.0
        },
        {
            "file_path": "images/066.jpg",
            "mask_path": "mask/066.png",
            "depth_file_path": "depth/066.png",
            "transform_matrix": [
                [
                    -0.532148456339768,
                    -0.11783105369921897,
                    0.8384115118480505,
                    1.6768230236961015
                ],
                [
                    1.1635297057056161e-17,
                    0.9902680687415704,
                    0.13917310096006547,
                    1.1283462019201311
                ],
                [
                    -0.8466510617811814,
                    0.07406075083991752,
                    -0.5269696241433899,
                    -1.0539392482867798
                ],
                [
                    0.0,
                    0.0,
                    0.0,
                    1.0
                ]
            ],
            "fl_x": 819.2,
            "fl_y": 819.2,
            "cx": 512.0,
            "cy": 537.0
        },
        {
            "file_path": "images/069.jpg",
            "mask_path": "mask/069.png",
            "depth_file_path": "depth/069.png",
            "transform_matrix": [
                [
                    -0.7150919173073428,
                    -0.09728623337861787,
                    0.6922275193870215,
                    1.3844550387740433
                ],
                [
                    0.0,
                    0.9902680687415704,
                    0.13917310096006544,
                    1.128346201920131
                ],
                [
                    -0.6990304355331807,
                    0.0995215596031416,
                    -0.7081326919246491,
                    -1.4162653838492985
                ],
                [
                    0.0,
                    0.0,
                    0.0,
                    1.0
                ]
            ],
            "fl_x": 819.2,
            "fl_y": 819.2,
            "cx": 512.0,
            "cy": 537.0
        },
        {
            "file_path": "images/071.jpg",
            "mask_path": "mask/071.png",
            "depth_file_path": "depth/071.png",
            "transform_matrix": [
                [
                    -0.8156404014077573,
                    -0.08051987647199157,
                    0.5729286910989254,
                    1.1458573821978515
                ],
                [
                    -1.4014172773893747e-17,
                    0.9902680687415704,
                    0.13917310096006544,
                    1.1283462019201307
                ],
                [
                    -0.5785591893586972,
                    0.11351520393223008,
                    -0.8077026450896587,
                    -1.615405290179318
                ],
                [
                    0.0,
                    0.0,
                    0.0,
                    1.0
                ]
            ],
            "fl_x": 819.2,
            "fl_y": 819.2,
            "cx": 512.0,
            "cy": 537.0
        },
        {
            "file_path": "images/074.jpg",
            "mask_path": "mask/074.png",
            "depth_file_path": "depth/074.png",
            "transform_matrix": [
                [
                    -0.9281661526620084,
                    -0.05179550779036451,
                    0.368544187887075,
                    0.7370883757741502
                ],
                [
                    0.0,
                    0.9902680687415704,
                    0.13917310096006547,
                    1.128346201920131
                ],
                [
                    -0.3721660826198505,
                    0.12917576167214523,
                    -0.9191333034679006,
                    -1.838266606935802
                ],
                [
                    0.0,
                    0.0,
                    0.0,
                    1.0
                ]
            ],
            "fl_x": 819.2,
            "fl_y": 819.2,
            "cx": 512.0,
            "cy": 537.0
        },
        {
            "file_path": "images/076.jpg",
            "mask_path": "mask/076.png",
            "depth_file_path": "depth/076.png",
            "transform_matrix": [
                [
                    -0.9749584891600672,
                    -0.030950277966401117,
                    0.22022267074150564,
                    0.44044534148301123
                ],
                [
                    -7.007086386946872e-18,
                    0.9902680687415701,
                    0.1391731009600654,
                    1.1283462019201307
                ],
                [
                    -0.22238692500846155,
                    0.13568799624374686,
                    -0.9654702601637388,
                    -1.9309405203274776
                ],
                [
                    0.0,
                    0.0,
                    0.0,
                    1.0
                ]
            ],
            "fl_x": 819.2,
            "fl_y": 819.2,
            "cx": 512.0,
            "cy": 537.0
        },
        {
            "file_path": "images/079.jpg",
            "mask_path": "mask/079.png",
            "depth_file_path": "depth/079.png",
            "transform_matrix": [
                [
                    -0.9999355051210099,
                    0.001580614331524734,
                    -0.011246655357297648,
                    -0.022493310714595295
                ],
                [
                    6.569143487762695e-19,
                    0.9902680687415704,
                    0.13917310096006544,
                    1.1283462019201307
                ],
                [
                    0.011357182678413394,
                    0.13916412500776035,
                    -0.9902042015223089,
                    -1.9804084030446178
                ],
                [
                    0.0,
                    0.0,
                    0.0,
                    1.0
                ]
            ],
            "fl_x": 819.2,
            "fl_y": 819.2,
            "cx": 512.0,
            "cy": 537.0
        }
    ]
}